"","race","age","prior_offense","is_recid"
"319","Caucasian",28,1,0
"71","African-American",24,1,1
"4818","Caucasian",59,0,0
"736","Caucasian",24,0,0
"870","African-American",28,1,1
"2046","African-American",42,1,0
"3730","Caucasian",28,1,1
"2326","African-American",32,1,1
"1109","African-American",31,1,1
"4434","African-American",54,1,0
"3318","Caucasian",29,0,0
"1719","Caucasian",24,0,1
"1346","Caucasian",27,1,1
"317","Caucasian",27,1,1
"2931","Caucasian",29,1,0
"275","Caucasian",34,1,0
"2638","Caucasian",19,1,1
"4507","African-American",29,1,1
"2246","Caucasian",22,0,1
"4812","African-American",26,1,0
"3352","African-American",29,0,0
"4845","African-American",24,1,1
"4625","Caucasian",21,1,1
"4310","African-American",23,1,1
"4945","African-American",53,1,0
"975","African-American",32,1,1
"1959","Caucasian",47,0,0
"147","African-American",39,1,0
"3345","Caucasian",30,0,1
"1587","Caucasian",46,1,0
"1821","Caucasian",65,1,0
"4044","African-American",20,0,0
"3052","Caucasian",20,1,1
"2811","Caucasian",34,0,1
"176","African-American",24,1,1
"2110","African-American",28,1,1
"473","Caucasian",25,0,1
"2007","Caucasian",25,0,1
"3291","African-American",21,0,0
"668","African-American",27,0,0
"506","African-American",39,1,0
"3288","African-American",24,1,1
"3104","African-American",39,1,0
"2770","Caucasian",24,0,1
"828","African-American",26,1,1
"1664","Caucasian",41,0,0
"1261","Caucasian",23,1,0
"1400","African-American",22,0,1
"3727","Caucasian",37,1,1
"3944","Caucasian",25,0,1
"32","Caucasian",24,1,1
"2829","African-American",24,1,1
"4521","African-American",21,0,1
"3294","African-American",28,1,1
"54","African-American",24,1,1
"356","Caucasian",37,1,0
"1647","Caucasian",49,0,0
"2826","African-American",30,1,0
"3947","African-American",56,1,0
"4675","Caucasian",38,1,1
"2863","African-American",35,0,0
"4189","African-American",27,1,1
"4965","African-American",34,1,0
"71.1","African-American",24,1,1
"3986","Caucasian",21,1,1
"423","Caucasian",26,1,1
"4738","African-American",28,1,1
"3767","African-American",28,1,1
"1334","African-American",35,1,0
"2059","Caucasian",32,1,1
"1669","African-American",31,1,0
"3533","Caucasian",33,0,1
"2421","Caucasian",30,1,1
"2432","African-American",26,0,0
"1092","African-American",20,0,1
"2693","African-American",25,1,1
"1931","African-American",30,1,1
"1221","African-American",27,0,0
"4133","African-American",20,0,1
"2259","African-American",47,1,0
"965","Caucasian",50,1,0
"1267","Caucasian",32,0,0
"2328","Caucasian",38,1,0
"1962","Caucasian",49,0,0
"3484","African-American",31,1,0
"4419","African-American",29,1,0
"615","Caucasian",47,0,0
"1696","African-American",27,1,1
"4146","Caucasian",23,1,0
"4254","African-American",31,1,0
"3849","Caucasian",29,1,1
"561","African-American",33,1,0
"3572","Caucasian",44,0,0
"4521.1","African-American",21,0,1
"923","African-American",52,1,0
"418","Caucasian",44,1,0
"1785","African-American",20,0,1
"2610","Caucasian",24,1,0
"3387","Caucasian",30,0,0
"4194","African-American",27,1,1
"4737","Caucasian",33,1,1
"507","Caucasian",22,1,1
"1082","Caucasian",45,1,1
"4533","African-American",21,1,1
"679","Caucasian",21,1,1
"3726","African-American",21,0,0
"4232","African-American",44,1,0
"4791","African-American",20,0,1
"4705","Caucasian",28,1,1
"3046","African-American",24,0,1
"3625","African-American",23,1,1
"1160","Caucasian",33,0,1
"1773","Caucasian",22,1,1
"1980","African-American",54,1,0
"3776","Caucasian",27,1,1
"4453","African-American",26,1,1
"1290","Caucasian",54,1,0
"2210","African-American",23,1,1
"1333","Caucasian",28,1,1
"130","Caucasian",23,0,1
"2923","Caucasian",49,1,0
"4689","Caucasian",28,0,1
"667","African-American",27,1,1
"167","African-American",29,1,1
"518","African-American",30,1,0
"3798","Caucasian",22,0,1
"2041","African-American",27,0,1
"266","Caucasian",49,0,0
"4217","Caucasian",19,0,1
"1035","African-American",32,1,0
"2307","African-American",23,0,1
"1921","Caucasian",22,1,1
"2746","Caucasian",23,1,0
"4779","Caucasian",27,0,1
"175","African-American",27,1,1
"4981","African-American",25,1,1
"4951","African-American",64,1,0
"1270","African-American",39,1,0
"4468","Caucasian",20,0,1
"2049","African-American",24,1,1
"3519","African-American",31,1,0
"4470","African-American",26,1,1
"2034","Caucasian",25,0,1
"2986","Caucasian",24,0,1
"1800","Caucasian",54,0,0
"3766","Caucasian",34,0,1
"4544","African-American",22,0,1
"3475","African-American",43,0,0
"4568","African-American",20,0,1
"2435","Caucasian",29,1,0
"311","Caucasian",22,0,1
"575","African-American",50,1,0
"1996","African-American",23,1,0
"1111","African-American",46,1,0
"1052","Caucasian",24,1,1
"4188","Caucasian",25,1,1
"2996","Caucasian",21,1,1
"2622","African-American",26,1,0
"4015","African-American",31,1,0
"4858","African-American",26,1,0
"3032","Caucasian",47,1,0
"1954","Caucasian",22,1,1
"2408","African-American",22,1,1
"2036","Caucasian",27,1,1
"4425","African-American",25,1,1
"4003","African-American",27,1,0
"2646","Caucasian",52,0,0
"2860","African-American",34,1,0
"4554","Caucasian",20,0,1
"3660","African-American",51,1,0
"4160","African-American",20,0,1
"4957","African-American",32,1,0
"525","African-American",27,0,1
"2744","Caucasian",26,1,1
"2156","Caucasian",38,1,0
"3741","Caucasian",35,1,1
"1958","Caucasian",25,0,0
"4364","Caucasian",25,0,1
"1921.1","Caucasian",22,1,1
"3268","African-American",50,1,0
"4785","African-American",21,0,1
"288","Caucasian",26,1,1
"1418","Caucasian",21,0,1
"3587","Caucasian",21,0,1
"1802","African-American",24,1,1
"718","African-American",22,0,1
"4075","African-American",21,0,1
"2464","African-American",24,1,1
"281","African-American",30,1,0
"3274","African-American",32,1,0
"4290","African-American",25,1,1
"3662","African-American",20,0,1
"4811","African-American",27,1,0
"1200","Caucasian",52,0,0
"1470","African-American",27,0,0
"4727","Caucasian",22,0,1
"2181","Caucasian",28,1,1
"1413","African-American",19,1,1
"457","Caucasian",23,1,1
"336","Caucasian",29,0,1
"2044","African-American",28,1,1
"4034","African-American",30,1,1
"4800","Caucasian",28,0,1
"4441","Caucasian",25,1,1
"4000","Caucasian",24,0,1
"1771","Caucasian",34,1,1
"144","Caucasian",26,1,1
"601","African-American",20,0,1
"3528","African-American",42,1,1
"1496","Caucasian",41,1,0
"2223","Caucasian",26,1,1
"4628","Caucasian",37,1,1
"2716","African-American",21,0,1
"3785","African-American",30,1,0
"4542","Caucasian",23,1,1
"1334.1","African-American",35,1,0
"370","Caucasian",26,1,1
"2058","Caucasian",23,1,1
"1104","African-American",60,1,0
"4543","African-American",33,1,0
"1349","Caucasian",26,1,0
"750","Caucasian",37,0,1
"2333","African-American",23,1,1
"3363","Caucasian",23,1,1
"4232.1","African-American",44,1,0
"3053","African-American",34,1,0
"4110","African-American",34,1,1
"1093","African-American",47,1,0
"3029","African-American",32,1,1
"2133","African-American",42,1,1
"3679","African-American",22,0,1
"43","Caucasian",23,0,1
"1776","Caucasian",46,1,0
"328","Caucasian",27,1,1
"3406","Caucasian",27,0,1
"2923.1","Caucasian",49,1,0
"138","Caucasian",52,0,0
"2763","African-American",34,1,1
"252","African-American",31,1,0
"3162","African-American",54,1,0
"1307","African-American",20,1,1
"4716","African-American",24,1,1
"455","Caucasian",34,1,0
"1280","Caucasian",25,0,0
"2643","African-American",29,0,1
"1583","Caucasian",21,0,1
"1819","Caucasian",29,0,0
"2737","African-American",22,1,1
"182","African-American",27,1,1
"3455","African-American",24,0,1
"4192","Caucasian",49,1,0
"333","Caucasian",35,0,0
"1154","African-American",45,0,0
"4147","Caucasian",23,1,1
"197","African-American",42,1,0
"4124","African-American",38,0,0
"3084","Caucasian",36,0,0
"1096","African-American",24,1,0
"3149","Caucasian",26,0,1
"3711","African-American",26,1,1
"3179","Caucasian",35,1,0
"3516","Caucasian",22,1,1
"2543","African-American",21,1,0
"2316","Caucasian",22,1,1
"2560","African-American",27,1,1
"1848","Caucasian",28,0,0
"57","Caucasian",44,0,0
"2486","Caucasian",56,1,0
"2475","Caucasian",24,0,1
"2832","Caucasian",24,1,1
"11","African-American",60,1,1
"3564","African-American",26,0,1
"2837","Caucasian",25,1,1
"4201","Caucasian",31,1,1
"1954.1","Caucasian",22,1,1
"4895","African-American",30,1,1
"79","African-American",20,1,1
"3066","Caucasian",25,1,1
"496","African-American",34,1,1
"3598","Caucasian",26,1,1
"613","African-American",23,1,0
"3451","Caucasian",25,1,1
"4899","Caucasian",71,1,0
"187","African-American",27,1,1
"4064","Caucasian",26,0,1
"2884","Caucasian",57,0,0
"458","Caucasian",24,1,1
"1372","African-American",25,1,1
"1311","African-American",19,0,1
"534","Caucasian",33,1,0
"3591","African-American",24,1,1
"937","African-American",20,1,1
"4050","African-American",21,0,1
"1112","Caucasian",54,0,0
"2846","Caucasian",31,0,0
"743","African-American",27,1,0
"2314","African-American",28,0,1
"2499","African-American",20,1,1
"1728","African-American",24,1,1
"4590","Caucasian",26,1,0
"2814","African-American",21,1,1
"3562","African-American",26,1,0
"2599","African-American",31,1,1
"233","Caucasian",57,1,0
"3604","Caucasian",33,1,1
"2280","African-American",20,1,1
"1574","African-American",27,1,1
"3558","African-American",25,1,1
"1795","Caucasian",54,1,0
"170","African-American",38,1,0
"3961","Caucasian",37,0,0
"4005","African-American",24,1,1
"1057","African-American",23,1,1
"10","African-American",46,1,0
"2667","African-American",29,1,0
"1259","Caucasian",54,1,0
"3267","Caucasian",22,1,1
"4382","Caucasian",41,1,1
"4302","Caucasian",40,1,1
"553","African-American",30,1,1
"3682","African-American",21,0,1
"2987","Caucasian",60,0,0
"2199","Caucasian",23,1,1
"237","African-American",21,0,1
"207","African-American",28,1,1
"2851","Caucasian",31,0,0
"2892","Caucasian",35,1,0
"569","African-American",24,0,1
"1253","African-American",26,1,0
"3751","Caucasian",45,0,0
"2085","Caucasian",24,0,1
"4973","African-American",29,1,1
"1459","Caucasian",31,1,0
"3162.1","African-American",54,1,0
"3783","Caucasian",37,1,0
"4126","Caucasian",28,0,1
"1242","African-American",21,1,1
"4643","Caucasian",25,1,1
"3590","African-American",27,0,1
"3679.1","African-American",22,0,1
"4455","Caucasian",25,0,1
"697","Caucasian",27,1,0
"2470","African-American",32,1,1
"3936","Caucasian",31,1,1
"3204","Caucasian",29,0,1
"601.1","African-American",20,0,1
"486","African-American",47,0,0
"1951","Caucasian",24,1,1
"2444","Caucasian",26,0,1
"4496","African-American",51,1,0
"3557","Caucasian",21,1,0
"433","Caucasian",32,1,1
"1115","Caucasian",20,0,1
"1308","African-American",28,1,0
"2522","African-American",39,1,0
"46","Caucasian",22,1,1
"17","African-American",21,1,1
"4997","Caucasian",22,0,1
"1649","African-American",43,1,0
"2717","African-American",32,0,0
"3232","Caucasian",46,1,0
"3885","African-American",24,0,0
"4788","African-American",27,1,1
"4510","Caucasian",20,0,1
"4204","African-American",21,1,1
"1454","Caucasian",65,1,0
"4843","African-American",26,1,1
"2023","Caucasian",31,1,0
"2147","Caucasian",28,0,1
"4528","African-American",27,1,1
"3711.1","African-American",26,1,1
"2697","Caucasian",28,1,1
"529","Caucasian",44,0,0
"4315","Caucasian",26,1,1
"3277","African-American",26,1,1
"3664","Caucasian",28,0,1
"3768","African-American",22,1,1
"791","African-American",30,1,0
"1315","Caucasian",55,1,0
"843","Caucasian",25,1,1
"675","Caucasian",49,1,0
"1015","Caucasian",25,0,0
"348","African-American",25,1,1
"416","Caucasian",56,1,0
"2732","African-American",53,1,0
"1517","Caucasian",26,1,1
"2821","African-American",24,0,0
"1592","African-American",24,1,1
"1569","African-American",54,1,0
"3664.1","Caucasian",28,0,1
"4093","African-American",22,0,1
"1073","Caucasian",23,0,0
"1483","African-American",23,1,1
"1791","Caucasian",46,0,0
"4830","Caucasian",33,1,1
"335","Caucasian",46,0,0
"2240","Caucasian",21,0,1
"2336","Caucasian",32,1,0
"592","Caucasian",23,1,1
"3746","African-American",26,1,0
"2889","African-American",34,1,0
"2182","Caucasian",31,0,1
"208","African-American",43,1,0
"4488","African-American",44,1,0
"3452","Caucasian",53,0,0
"734","African-American",30,1,1
"392","Caucasian",26,0,1
"3364","Caucasian",57,1,0
"309","Caucasian",34,0,0
"2268","African-American",55,1,0
"4614","Caucasian",21,1,1
"4016","Caucasian",66,1,0
"2478","African-American",24,1,1
"2593","Caucasian",25,1,0
"4890","African-American",21,1,1
"381","Caucasian",27,0,0
"3353","Caucasian",31,1,1
"1821.1","Caucasian",65,1,0
"2430","Caucasian",20,0,1
"721","Caucasian",57,1,0
"3657","Caucasian",24,1,1
"2922","Caucasian",65,1,0
"3615","African-American",27,1,0
"3638","African-American",34,0,0
"4926","African-American",20,0,1
"949","Caucasian",33,1,1
"1858","Caucasian",32,0,1
"1949","Caucasian",22,1,1
"4122","Caucasian",46,1,0
"1650","African-American",23,1,1
"1197","Caucasian",28,1,1
"3829","African-American",52,1,0
"726","Caucasian",43,0,0
"95","African-American",24,1,0
"824","African-American",25,0,0
"1276","African-American",41,1,0
"3123","African-American",52,1,0
"142","Caucasian",32,0,0
"4985","Caucasian",54,0,0
"287","African-American",38,0,0
"2976","Caucasian",36,1,1
"1639","African-American",23,0,1
"2171","African-American",31,0,0
"3062","African-American",25,1,1
"3233","Caucasian",20,0,1
"3467","Caucasian",36,1,0
"2405","African-American",26,1,0
"2048","Caucasian",33,0,1
"459","African-American",33,1,1
"775","African-American",31,1,0
"4479","African-American",32,1,0
"4614.1","Caucasian",21,1,1
"3307","Caucasian",34,1,1
"4441.1","Caucasian",25,1,1
"1956","African-American",42,0,1
"4318","African-American",30,0,1
"4774","African-American",30,1,1
"534.1","Caucasian",33,1,0
"2160","African-American",29,1,1
"469","African-American",55,1,0
"2876","Caucasian",25,0,0
"343","Caucasian",25,1,1
"4129","African-American",32,0,1
"3647","African-American",37,1,0
"1780","Caucasian",23,1,1
"3306","Caucasian",28,0,0
"936","African-American",39,0,1
"334","Caucasian",22,0,0
"2913","African-American",27,1,1
"2096","Caucasian",29,0,1
"753","Caucasian",48,1,0
"1098","Caucasian",28,1,0
"4060","African-American",22,1,1
"3315","African-American",25,1,1
"4959","Caucasian",30,1,1
"4402","Caucasian",22,0,1
"1229","Caucasian",22,1,1
"878","African-American",32,1,1
"3827","Caucasian",44,0,0
"4091","Caucasian",30,0,0
"431","African-American",24,1,1
"877","Caucasian",41,0,0
"4829","Caucasian",21,1,1
"4573","Caucasian",34,1,1
"4633","Caucasian",30,1,0
"1158","Caucasian",22,1,1
"4988","Caucasian",55,1,0
"4028","Caucasian",45,1,0
"3306.1","Caucasian",28,0,0
"4308","African-American",51,1,0
"2516","African-American",32,1,1
"3209","Caucasian",22,1,1
"3281","Caucasian",62,0,0
"3667","Caucasian",22,1,1
"4541","Caucasian",23,0,1
"3941","Caucasian",44,0,0
"1115.1","Caucasian",20,0,1
"4844","African-American",29,1,1
"2328.1","Caucasian",38,1,0
"2392","African-American",52,0,0
"3042","Caucasian",23,1,1
"4560","Caucasian",31,0,0
"1763","African-American",38,1,0
"1620","Caucasian",21,1,1
"4455.1","Caucasian",25,0,1
"296","Caucasian",52,1,0
"3990","African-American",34,1,0
"2287","African-American",24,1,1
"4383","African-American",24,1,1
"776","Caucasian",21,0,1
"2353","Caucasian",31,1,0
"852","Caucasian",52,1,0
"1880","Caucasian",42,0,0
"2044.1","African-American",28,1,1
"227","Caucasian",49,1,0
"2249","Caucasian",49,1,0
"2284","African-American",33,1,0
"434","African-American",28,1,0
"2936","African-American",28,1,1
"3760","Caucasian",29,1,0
"3722","Caucasian",26,0,1
"4117","African-American",20,1,1
"2041.1","African-American",27,0,1
"469.1","African-American",55,1,0
"2019","African-American",22,1,1
"4429","African-American",27,0,0
"4193","Caucasian",23,1,1
"3555","African-American",32,0,0
"785","Caucasian",29,0,0
"2717.1","African-American",32,0,0
"4150","Caucasian",21,1,0
"3609","African-American",23,1,0
"668.1","African-American",27,0,0
"4426","Caucasian",26,0,1
"4475","Caucasian",31,1,0
"4382.1","Caucasian",41,1,1
"2383","Caucasian",28,0,0
"1729","African-American",33,1,1
"3719","African-American",24,1,1
"4518","Caucasian",66,1,0
"3355","African-American",32,1,0
"4514","Caucasian",22,0,1
"88","African-American",30,0,0
"2295","Caucasian",29,0,1
"859","African-American",36,0,0
"3722.1","Caucasian",26,0,1
"783","African-American",21,0,1
"4829.1","Caucasian",21,1,1
"2517","Caucasian",37,1,0
"1349.1","Caucasian",26,1,0
"3743","African-American",39,1,0
"2436","Caucasian",30,0,1
"4848","African-American",29,0,0
"1099","Caucasian",30,0,1
"627","African-American",41,0,0
"3540","Caucasian",51,1,0
"117","Caucasian",30,0,0
"3021","Caucasian",25,0,1
"1975","African-American",31,0,1
"1017","Caucasian",33,0,1
"1672","Caucasian",67,0,0
"1002","Caucasian",22,0,1
"4536","African-American",50,1,0
"1076","African-American",33,1,0
"3180","Caucasian",44,1,0
"4854","African-American",23,1,0
"3663","African-American",35,1,0
"4054","African-American",20,0,1
"2549","African-American",23,1,0
"239","Caucasian",43,0,0
"3419","African-American",32,1,0
"1372.1","African-American",25,1,1
"2304","African-American",22,1,1
"3557.1","Caucasian",21,1,0
"4867","African-American",29,1,0
"883","African-American",35,1,0
"4220","African-American",30,1,1
"2470.1","African-American",32,1,1
"1358","African-American",24,0,1
"262","African-American",23,1,1
"2818","African-American",44,0,0
"3052.1","Caucasian",20,1,1
"3696","Caucasian",42,0,0
"4154","Caucasian",20,1,1
"4447","African-American",58,0,0
"4563","Caucasian",22,0,1
"970","Caucasian",24,1,1
"1178","African-American",28,1,1
"7","Caucasian",39,1,0
"4523","African-American",56,1,0
"3770","African-American",38,0,1
"3398","Caucasian",23,1,1
"1562","African-American",53,1,0
"4436","Caucasian",53,1,0
"2629","African-American",43,0,0
"4660","Caucasian",22,1,1
"2881","African-American",22,1,1
"1051","African-American",52,1,0
"2420","Caucasian",32,0,0
"3957","Caucasian",32,0,0
"3227","Caucasian",36,1,1
"3614","Caucasian",24,1,1
"4957.1","African-American",32,1,0
"4284","Caucasian",21,0,1
"4303","African-American",23,0,1
"2546","African-American",24,1,1
"2980","African-American",27,1,1
"116","Caucasian",22,1,1
"3448","Caucasian",29,1,1
"2032","African-American",28,1,1
"9","Caucasian",21,0,1
"1510","Caucasian",26,1,1
"4039","African-American",48,0,0
"2788","African-American",28,1,0
"1380","African-American",56,1,0
"4868","Caucasian",21,1,0
"3088","African-American",55,0,0
"2747","Caucasian",58,1,0
"744","Caucasian",28,0,0
"1318","African-American",27,1,1
"3437","Caucasian",29,1,0
"431.1","African-American",24,1,1
"2438","African-American",34,1,1
"970.1","Caucasian",24,1,1
"1832","Caucasian",27,1,1
"4860","African-American",43,0,0
"1926","Caucasian",45,1,0
"4815","African-American",33,0,0
"4927","African-American",19,0,1
"2326.1","African-American",32,1,1
"2640","African-American",28,1,1
"1588","Caucasian",64,0,0
"3924","Caucasian",46,0,0
"52","Caucasian",25,1,1
"999","African-American",47,1,0
"4909","African-American",30,1,0
"4273","African-American",32,0,0
"4479.1","African-American",32,1,0
"1762","African-American",24,0,1
"3703","African-American",23,0,1
"2511","African-American",27,1,1
"183","Caucasian",53,0,0
"2262","African-American",24,0,1
"4674","Caucasian",57,0,0
"2151","African-American",28,1,0
"3740","African-American",31,0,0
"793","Caucasian",24,1,1
"4216","Caucasian",41,0,0
"4032","Caucasian",25,1,1
"2751","African-American",42,1,1
"3990.1","African-American",34,1,0
"3073","Caucasian",23,1,0
"4023","African-American",36,1,0
"2247","Caucasian",30,0,1
"883.1","African-American",35,1,0
"1830","Caucasian",31,0,1
"2127","Caucasian",20,1,0
"4571","Caucasian",44,0,0
"3843","Caucasian",27,1,1
"4095","African-American",31,1,1
"2674","Caucasian",52,1,0
"1041","African-American",31,1,1
"2510","Caucasian",30,0,0
"418.1","Caucasian",44,1,0
"2234","African-American",21,1,1
"3403","African-American",39,1,1
"3227.1","Caucasian",36,1,1
"16","African-American",26,0,1
"571","Caucasian",22,1,1
"702","African-American",33,1,0
"4517","Caucasian",47,0,0
"1132","African-American",21,0,1
"3083","African-American",25,1,1
"1","Caucasian",32,1,0
"396","Caucasian",24,0,1
"124","African-American",33,1,1
"431.2","African-American",24,1,1
"4824","Caucasian",31,0,0
"3680","Caucasian",26,1,1
"781","African-American",24,0,1
"2887","African-American",30,1,0
"757","Caucasian",20,0,1
"1060","Caucasian",30,1,0
"261","African-American",43,1,0
"1953","Caucasian",43,1,0
"949.1","Caucasian",33,1,1
"1884","Caucasian",26,1,1
"4981.1","African-American",25,1,1
"1148","African-American",22,0,1
"3822","Caucasian",37,1,1
"2467","Caucasian",72,0,0
"3788","African-American",31,1,1
"65","Caucasian",21,0,1
"921","African-American",33,0,0
"467","Caucasian",50,1,0
"4401","African-American",50,0,0
"3234","Caucasian",47,0,0
"4231","Caucasian",47,1,0
"4265","Caucasian",24,1,1
"1982","African-American",31,0,0
"2630","Caucasian",48,1,0
"1119","Caucasian",25,1,1
"831","African-American",30,1,0
"3304","African-American",34,1,0
"294","African-American",23,1,1
"4840","African-American",19,0,1
"4143","African-American",29,1,0
"1029","Caucasian",42,1,0
"2487","Caucasian",27,1,1
"3251","African-American",26,1,0
"1035.1","African-American",32,1,0
"153","Caucasian",37,0,0
"804","Caucasian",51,1,0
"1290.1","Caucasian",54,1,0
"475","African-American",31,1,0
"3902","Caucasian",26,1,1
"1244","Caucasian",42,0,0
"2571","Caucasian",55,1,0
"1466","Caucasian",23,1,1
"4112","Caucasian",22,1,1
"3066.1","Caucasian",25,1,1
"620","African-American",28,1,1
"3387.1","Caucasian",30,0,0
"122","African-American",27,1,1
"3536","Caucasian",54,0,0
"4889","African-American",38,1,0
"2541","African-American",41,1,0
"3887","African-American",43,0,0
"2242","African-American",44,1,0
"336.1","Caucasian",29,0,1
"1440","Caucasian",44,0,0
"1312","Caucasian",33,1,1
"452","Caucasian",22,0,1
"517","Caucasian",35,1,0
"640","African-American",34,1,1
"924","African-American",23,1,1
"1556","African-American",20,1,1
"4557","African-American",24,1,1
"3172","Caucasian",40,0,1
"2454","African-American",29,0,0
"1604","African-American",56,1,0
"2963","African-American",25,1,1
"510","African-American",30,1,1
"3762","African-American",38,0,0
"680","Caucasian",24,1,1
"101","African-American",29,1,0
"2915","Caucasian",26,0,1
"2256","African-American",64,1,0
"2646.1","Caucasian",52,0,0
"445","Caucasian",26,1,0
"1428","African-American",27,1,1
"2349","African-American",23,1,1
"969","African-American",21,1,1
"3312","Caucasian",31,1,1
"3616","African-American",37,1,0
"4191","Caucasian",44,0,0
"1429","Caucasian",23,1,1
"2822","Caucasian",23,0,1
"3223","Caucasian",29,0,1
"2951","African-American",22,0,1
"1070","Caucasian",33,1,0
"4205","African-American",20,0,1
"4411","African-American",46,1,0
"226","Caucasian",31,1,1
"3174","Caucasian",46,0,0
"388","African-American",35,0,1
"403","African-American",42,1,1
"3760.1","Caucasian",29,1,0
"3733","African-American",29,1,1
"4770","African-American",27,1,1
"1822","African-American",29,1,1
"822","African-American",24,0,1
"3900","African-American",29,1,0
"1185","African-American",34,1,1
"2114","Caucasian",33,1,1
"3657.1","Caucasian",24,1,1
"3634","African-American",46,1,0
"4101","African-American",44,0,0
"1186","African-American",22,0,1
"1873","African-American",70,0,0
"2388","Caucasian",44,0,0
"2225","Caucasian",22,1,1
"3021.1","Caucasian",25,0,1
"607","Caucasian",32,0,0
"646","Caucasian",21,0,1
"2543.1","African-American",21,1,0
"2920","African-American",23,0,1
"1065","Caucasian",23,1,1
"1604.1","African-American",56,1,0
"3189","Caucasian",63,1,0
"273","African-American",66,1,0
"3321","Caucasian",22,1,1
"1662","African-American",39,1,0
"1031","Caucasian",28,1,0
"223","African-American",63,1,0
"372","Caucasian",49,1,0
"4056","African-American",30,0,0
"1758","African-American",42,1,0
"2662","Caucasian",33,1,0
"2883","Caucasian",26,0,1
"1479","Caucasian",45,1,0
"4110.1","African-American",34,1,1
"306","Caucasian",25,1,1
"1717","African-American",31,1,0
"3006","African-American",30,1,0
"4282","African-American",36,1,1
"274","African-American",29,1,1
"4061","Caucasian",43,1,0
"4985.1","Caucasian",54,0,0
"462","African-American",20,0,1
"2764","African-American",20,0,1
"1465","African-American",27,1,1
"1448","Caucasian",57,0,0
"3007","African-American",34,0,0
"4643.1","Caucasian",25,1,1
"2367","Caucasian",33,0,1
"3570","African-American",32,1,1
"850","African-American",21,0,1
"4301","Caucasian",30,0,1
"1864","Caucasian",54,1,0
"1819.1","Caucasian",29,0,0
"3446","Caucasian",21,0,1
"1469","Caucasian",43,0,0
"4791.1","African-American",20,0,1
"616","African-American",24,0,1
"4049","African-American",37,0,1
"3385","African-American",26,1,0
"1170","Caucasian",22,0,1
"742","Caucasian",33,1,0
"1185.1","African-American",34,1,1
"1250","Caucasian",22,1,1
"1743","Caucasian",21,1,0
"1093.1","African-American",47,1,0
"285","Caucasian",52,0,0
"814","Caucasian",53,0,0
"1340","Caucasian",24,1,1
"3645","Caucasian",26,0,1
"241","Caucasian",53,1,0
"4149","African-American",21,0,1
"3556","Caucasian",24,0,1
"2070","African-American",20,1,0
"574","African-American",47,1,0
"3096","African-American",25,1,1
"422","African-American",53,1,0
"4616","Caucasian",34,1,0
"4677","Caucasian",22,1,1
"1551","African-American",20,1,1
"4972","Caucasian",49,1,0
"849","African-American",28,1,0
"1456","Caucasian",62,1,0
"2299","Caucasian",55,1,0
"1962.1","Caucasian",49,0,0
"4594","African-American",22,1,1
"4425.1","African-American",25,1,1
"4546","Caucasian",41,1,0
"4649","African-American",50,1,0
"3013","African-American",48,1,0
"3534","African-American",22,0,1
"1265","African-American",38,1,0
"2643.1","African-American",29,0,1
"1639.1","African-American",23,0,1
"3639","Caucasian",21,1,1
"3474","African-American",29,1,1
"3330","Caucasian",49,1,0
"4553","Caucasian",28,1,0
"4793","Caucasian",52,1,0
"1002.1","Caucasian",22,0,1
"198","African-American",27,0,1
"2834","African-American",27,1,0
"977","Caucasian",38,1,0
"3839","Caucasian",24,1,1
"1910","African-American",27,1,1
"2014","Caucasian",25,1,1
"4715","African-American",39,1,0
"93","Caucasian",45,1,0
"2219","African-American",28,1,1
"1433","Caucasian",27,1,1
"4229","African-American",21,0,1
"4394","African-American",30,1,1
"3929","Caucasian",45,1,0
"1078","African-American",44,1,0
"4490","African-American",37,1,0
"4130","African-American",53,0,0
"614","Caucasian",26,0,0
"2638.1","Caucasian",19,1,1
"2102","African-American",35,0,1
"325","African-American",31,1,1
"2722","African-American",49,0,0
"2506","Caucasian",22,0,0
"3311","African-American",23,1,1
"4098","African-American",29,1,1
"1065.1","Caucasian",23,1,1
"4773","African-American",21,1,1
"2753","Caucasian",21,1,1
"571.1","Caucasian",22,1,1
"1860","African-American",23,1,1
"3625.1","African-American",23,1,1
"1902","African-American",77,0,0
"2452","Caucasian",34,0,0
"2753.1","Caucasian",21,1,1
"1857","African-American",22,1,1
"1516","Caucasian",43,0,0
"2324","African-American",25,1,1
"3353.1","Caucasian",31,1,1
"3816","Caucasian",37,0,0
"4949","Caucasian",30,0,0
"1897","African-American",30,1,1
"503","African-American",32,1,0
"3697","Caucasian",59,1,0
"866","Caucasian",24,1,1
"115","Caucasian",35,1,0
"553.1","African-American",30,1,1
"4033","African-American",25,1,0
"3498","Caucasian",37,1,0
"1249","African-American",24,1,1
"3406.1","Caucasian",27,0,1
"576","African-American",26,0,1
"4863","African-American",22,0,1
"810","African-American",20,1,1
"2737.1","African-American",22,1,1
"4412","African-American",29,0,0
"3012","Caucasian",45,0,0
"4161","Caucasian",57,1,0
"2660","Caucasian",24,0,1
"2077","African-American",29,1,1
"2200","Caucasian",43,0,0
"4810","Caucasian",47,0,0
"2702","Caucasian",21,0,1
"1519","African-American",43,1,0
"2378","African-American",24,0,1
"3879","African-American",23,0,1
"4790","Caucasian",30,1,1
"1811","African-American",22,0,1
"1448.1","Caucasian",57,0,0
"3502","Caucasian",28,0,0
"3632","African-American",22,0,1
"4686","Caucasian",26,1,1
"3310","Caucasian",69,0,0
"3691","African-American",33,1,0
"4025","Caucasian",30,0,0
"2063","African-American",30,1,0
"546","Caucasian",22,1,1
"334.1","Caucasian",22,0,0
"717","Caucasian",45,1,0
"1896","Caucasian",25,1,1
"2","African-American",39,1,0
"1626","Caucasian",59,1,0
"2338","Caucasian",54,0,0
"4736","Caucasian",25,1,0
"2000","African-American",32,1,0
"4960","African-American",23,0,1
"4877","African-American",31,1,0
"354","Caucasian",28,1,1
"348.1","African-American",25,1,1
"4886","Caucasian",40,0,0
"3790","Caucasian",27,1,1
"4797","African-American",27,1,1
"1363","Caucasian",23,1,1
"486.1","African-American",47,0,0
"1665","African-American",29,1,1
"1876","African-American",60,1,0
"4597","Caucasian",40,1,0
"2828","African-American",34,1,0
"3278","Caucasian",49,1,0
"519","African-American",35,1,0
"343.1","Caucasian",25,1,1
"3162.2","African-American",54,1,0
"201","Caucasian",24,1,1
"4286","Caucasian",43,1,0
"1702","African-American",23,1,0
"3574","African-American",36,1,0
"420","African-American",28,1,0
"3167","African-American",37,1,0
"3172.1","Caucasian",40,0,1
"1798","Caucasian",51,0,1
"2206","Caucasian",24,0,1
"2419","African-American",48,1,0
"3064","Caucasian",30,1,1
"1766","Caucasian",55,0,0
"3246","Caucasian",48,0,0
"3708","Caucasian",70,1,0
"3921","African-American",30,1,0
"4980","African-American",23,0,0
"945","African-American",33,1,0
"231","African-American",55,0,0
"929","African-American",27,1,1
"1964","Caucasian",31,1,1
"3343","Caucasian",36,0,1
"130.1","Caucasian",23,0,1
"827","African-American",21,1,0
"4729","Caucasian",56,1,0
"2714","African-American",34,1,1
"91","African-American",32,0,0
"1812","Caucasian",24,0,1
"2598","African-American",54,0,0
"4599","Caucasian",52,0,0
"2795","African-American",33,1,0
"1556.1","African-American",20,1,1
"599","Caucasian",48,0,0
"306.1","Caucasian",25,1,1
"4660.1","Caucasian",22,1,1
"2310","Caucasian",23,0,1
"3485","African-American",46,1,1
"3501","African-American",48,1,0
"3604.1","Caucasian",33,1,1
"1586","Caucasian",32,1,1
"3562.1","African-American",26,1,0
"1517.1","Caucasian",26,1,1
"4006","Caucasian",31,0,1
"3573","African-American",59,1,0
"3741.1","Caucasian",35,1,1
"2176","Caucasian",32,1,1
"634","African-American",19,0,1
"2582","Caucasian",57,1,0
"4299","Caucasian",28,1,0
"4052","Caucasian",62,1,0
"4023.1","African-American",36,1,0
"2173","African-American",26,1,0
"1470.1","African-American",27,0,0
"718.1","African-American",22,0,1
"4432","Caucasian",33,0,1
"1398","Caucasian",27,0,1
"1169","African-American",24,0,1
"2487.1","Caucasian",27,1,1
"647","African-American",26,1,1
"2462","Caucasian",23,1,1
"3985","African-American",29,1,1
"4371","African-American",43,1,0
"4775","Caucasian",46,1,0
"3615.1","African-American",27,1,0
"844","Caucasian",21,1,1
"2782","African-American",28,1,1
"753.1","Caucasian",48,1,0
"4657","African-American",24,1,1
"4586","Caucasian",62,0,0
"258","African-American",22,0,1
"4492","African-American",40,1,0
"1864.1","Caucasian",54,1,0
"218","African-American",27,1,0
"2263","Caucasian",47,0,0
"2145","Caucasian",24,1,1
"4526","African-American",27,1,1
"4512","African-American",28,1,0
"1192","African-American",29,1,0
"4727.1","Caucasian",22,0,1
"123","Caucasian",25,1,1
"1341","Caucasian",50,1,0
"1839","Caucasian",22,1,1
"586","African-American",31,1,1
"4538","African-American",21,1,1
"1039","African-American",33,0,0
"2586","Caucasian",50,0,0
"4563.1","Caucasian",22,0,1
"1855","Caucasian",24,1,0
"2756","Caucasian",62,0,0
"3474.1","African-American",29,1,1
"2460","Caucasian",45,1,0
"4154.1","Caucasian",20,1,1
"4879","Caucasian",30,1,1
"1606","African-American",25,1,1
"4648","Caucasian",20,0,1
"1171","African-American",19,0,1
"2769","African-American",24,1,1
"3760.2","Caucasian",29,1,0
"998","Caucasian",39,1,0
"3873","African-American",44,1,0
"3130","Caucasian",29,1,1
"1597","Caucasian",19,0,1
"458.1","Caucasian",24,1,1
"301","African-American",41,1,0
"3118","Caucasian",32,1,1
"3800","African-American",25,1,1
"2332","Caucasian",32,0,0
"557","African-American",33,1,0
"3447","Caucasian",26,0,1
"4808","African-American",26,1,1
"4418","Caucasian",46,0,0
"247","Caucasian",48,1,0
"1532","African-American",27,1,0
"855","Caucasian",35,1,0
"2069","Caucasian",46,0,0
"4497","Caucasian",20,1,1
"4034.1","African-American",30,1,1
"3166","African-American",31,1,1
"1364","Caucasian",38,0,0
"3847","African-American",23,1,1
"718.2","African-American",22,0,1
"3990.2","African-American",34,1,0
"1520","African-American",27,1,0
"110","African-American",28,1,0
"3760.3","Caucasian",29,1,0
"3124","African-American",45,1,1
"1290.2","Caucasian",54,1,0
"2469","Caucasian",40,0,0
"3663.1","African-American",35,1,0
"1899","Caucasian",32,0,1
"1813","African-American",31,1,1
"1374","African-American",26,0,0
"464","Caucasian",29,0,1
"202","Caucasian",46,1,0
"2663","African-American",43,1,0
"3696.1","Caucasian",42,0,0
"991","Caucasian",24,0,1
"4381","African-American",26,1,0
"3571","Caucasian",21,0,1
"648","African-American",30,1,1
"2251","African-American",25,1,1
"513","Caucasian",49,1,0
"3781","Caucasian",22,1,1
"1659","African-American",22,0,1
"2551","African-American",26,1,0
"3228","Caucasian",32,0,1
"1362","African-American",28,1,0
"99","African-American",21,1,1
"712","African-American",48,1,0
"1025","African-American",41,1,0
"1660","African-American",42,0,0
"2156.1","Caucasian",38,1,0
"1825","African-American",24,0,0
"2486.1","Caucasian",56,1,0
"3142","Caucasian",22,0,1
"2559","African-American",20,1,1
"491","Caucasian",56,1,0
"2935","Caucasian",26,1,1
"4642","African-American",27,0,1
"2638.2","Caucasian",19,1,1
"570","Caucasian",55,1,0
"2378.1","African-American",24,0,1
"3807","Caucasian",21,0,1
"2167","African-American",23,0,1
"4441.2","Caucasian",25,1,1
"773","Caucasian",33,0,0
"3118.1","Caucasian",32,1,1
"4413","Caucasian",37,1,0
"1206","African-American",27,1,0
"4273.1","African-American",32,0,0
"1599","Caucasian",26,0,1
"4826","African-American",49,1,0
"1767","Caucasian",36,1,1
"3722.2","Caucasian",26,0,1
"2625","Caucasian",26,0,1
"1527","African-American",20,0,1
"2418","Caucasian",39,1,0
"2036.1","Caucasian",27,1,1
"4261","African-American",21,1,1
"1888","Caucasian",32,1,1
"4444","African-American",33,0,0
"3711.2","African-American",26,1,1
"3798.1","Caucasian",22,0,1
"538","African-American",22,1,1
"1877","Caucasian",60,1,0
"3962","Caucasian",44,1,0
"354.1","Caucasian",28,1,1
"922","Caucasian",59,0,0
"35","Caucasian",24,1,1
"2740","Caucasian",23,1,1
"3216","Caucasian",28,1,1
"1283","African-American",28,1,1
"79.1","African-American",20,1,1
"4682","Caucasian",45,0,0
"4397","Caucasian",23,1,1
"2720","African-American",28,1,0
"2492","Caucasian",33,1,1
"2160.1","African-American",29,1,1
"1973","African-American",23,0,1
"285.1","Caucasian",52,0,0
"1192.1","African-American",29,1,0
"2146","Caucasian",27,1,0
"2825","Caucasian",68,0,0
"2475.1","Caucasian",24,0,1
"636","Caucasian",24,1,1
"4657.1","African-American",24,1,1
"1708","African-American",22,1,1
"1505","African-American",27,1,1
"2830","African-American",24,1,1
"3764","African-American",23,1,1
"4617","Caucasian",29,0,0
"3160","African-American",32,1,0
"2119","African-American",39,1,0
"535","Caucasian",34,1,1
"3531","Caucasian",23,1,1
"3198","African-American",24,1,1
"2143","Caucasian",28,0,0
"464.1","Caucasian",29,0,1
"1955","Caucasian",37,0,0
"603","Caucasian",50,1,0
"2095","African-American",21,1,0
"4739","African-American",21,0,1
"1837","Caucasian",29,1,0
"3640","Caucasian",22,0,1
"2694","Caucasian",28,1,1
"2177","African-American",43,1,0
"4254.1","African-American",31,1,0
"3272","African-American",44,1,0
"4991","African-American",23,0,1
"2653","Caucasian",25,0,1
"3237","African-American",31,1,0
"2414","Caucasian",28,1,1
"555","African-American",36,0,1
"2610.1","Caucasian",24,1,0
"4008","African-American",26,1,1
"4617.1","Caucasian",29,0,0
"964","African-American",34,0,0
"3078","Caucasian",29,1,1
"381.1","Caucasian",27,0,0
"2638.3","Caucasian",19,1,1
"3206","Caucasian",41,1,0
"2933","African-American",22,1,1
"3526","African-American",26,1,1
"312","Caucasian",62,0,0
"3373","African-American",37,1,0
"661","African-American",21,1,1
"854","African-American",46,1,0
"4980.1","African-American",23,0,0
"217","Caucasian",24,0,1
"1485","Caucasian",37,0,1
"3552","African-American",35,1,0
"573","Caucasian",44,0,0
"2531","Caucasian",39,1,0
"2369","African-American",35,1,0
"3864","Caucasian",26,1,1
"3172.2","Caucasian",40,0,1
"524","Caucasian",35,1,0
"3525","African-American",34,1,0
"3151","Caucasian",33,1,1
"2406","African-American",21,0,1
"280","Caucasian",21,0,0
"253","Caucasian",57,1,0
"676","African-American",25,0,1
"1124","Caucasian",21,0,1
"355","Caucasian",21,0,0
"4619","Caucasian",21,1,1
"2475.2","Caucasian",24,0,1
"876","Caucasian",30,1,1
"4404","African-American",22,1,1
"4844.1","African-American",29,1,1
"3749","Caucasian",22,1,1
"184","Caucasian",55,1,0
"4688","African-American",34,1,0
"1840","Caucasian",38,1,0
"150","African-American",35,1,0
"2015","African-American",20,0,1
"2299.1","Caucasian",55,1,0
"1887","African-American",20,1,1
"2912","Caucasian",25,0,1
"4969","African-American",20,1,1
"3660.1","African-American",51,1,0
"90","African-American",60,1,1
"1721","African-American",22,1,1
"1192.2","African-American",29,1,0
"798","Caucasian",25,1,1
"689","Caucasian",26,1,1
"4517.1","Caucasian",47,0,0
"3057","Caucasian",49,1,0
"3196","Caucasian",27,0,0
"3537","Caucasian",42,1,0
"4483","African-American",53,1,0
"4213","Caucasian",27,1,1
"4464","African-American",23,0,1
"2112","Caucasian",22,0,1
"4570","Caucasian",29,0,0
"160","Caucasian",32,0,0
"1872","African-American",22,0,1
"833","Caucasian",33,1,0
"608","African-American",21,0,1
"2800","Caucasian",31,0,1
"2511.1","African-American",27,1,1
"3091","African-American",27,1,1
"2361","Caucasian",37,1,1
"4495","African-American",27,1,0
"2570","African-American",25,0,1
"4561","Caucasian",46,1,1
"1212","African-American",56,1,0
"1694","African-American",22,0,1
"3845","African-American",20,1,1
"4837","African-American",25,1,1
"2320","African-American",22,1,1
"2858","Caucasian",41,1,0
"2150","Caucasian",22,1,1
"423.1","Caucasian",26,1,1
"2051","African-American",30,1,0
"4699","African-American",28,1,1
"4519","Caucasian",28,1,1
"800","Caucasian",59,0,0
"2474","African-American",21,0,1
"4994","African-American",26,0,1
"4681","African-American",31,1,1
"988","African-American",23,1,1
"1818","African-American",47,1,0
"2043","Caucasian",28,0,1
"2929","African-American",26,1,1
"2177.1","African-American",43,1,0
"726.1","Caucasian",43,0,0
"1271","Caucasian",21,1,1
"4845.1","African-American",24,1,1
"1255","Caucasian",32,1,0
"4817","African-American",20,0,1
"1401","Caucasian",28,1,1
"1643","Caucasian",48,1,0
"4960.1","African-American",23,0,1
"4175","African-American",25,0,1
"3785.1","African-American",30,1,0
"1553","African-American",50,1,0
"2829.1","African-American",24,1,1
"1686","Caucasian",30,1,1
"4882","Caucasian",45,1,0
"702.1","African-American",33,1,0
"4660.2","Caucasian",22,1,1
"2616","African-American",27,1,1
"2296","African-American",29,1,1
"2978","Caucasian",29,1,0
"1595","Caucasian",38,1,0
"2067","African-American",33,1,0
"1179","African-American",24,0,1
"1651","Caucasian",32,1,0
"1272","Caucasian",31,0,0
"724","African-American",60,1,0
"1001","Caucasian",33,0,0
"1636","African-American",23,0,1
"3078.1","Caucasian",29,1,1
"3268.1","African-American",50,1,0
"4144","Caucasian",61,0,0
"894","African-American",23,0,1
"2341","Caucasian",27,1,1
"3427","African-American",27,1,0
"3768.1","African-American",22,1,1
"2750","Caucasian",22,0,0
"1470.2","African-American",27,0,0
"2407","African-American",21,0,1
"4389","Caucasian",51,0,0
"3304.1","African-American",34,1,0
"293","Caucasian",46,0,0
"2630.1","Caucasian",48,1,0
"1488","Caucasian",45,1,0
"2136","Caucasian",28,0,0
"4142","African-American",33,0,0
"630","African-American",40,1,0
"4766","Caucasian",33,0,1
"3286","African-American",28,0,1
"4126.1","Caucasian",28,0,1
"2103","Caucasian",28,1,0
"98","African-American",26,1,0
"2943","Caucasian",24,1,0
"3050","African-American",21,0,1
"1707","Caucasian",33,1,0
"696","African-American",21,0,0
"4141","Caucasian",22,0,1
"3652","Caucasian",29,1,1
"3037","African-American",40,0,0
"388.1","African-American",35,0,1
"2661","African-American",25,1,1
"421","African-American",23,1,1
"4636","African-American",19,1,1
"2699","Caucasian",28,0,0
"3597","Caucasian",20,0,1
"1696.1","African-American",27,1,1
"1242.1","African-American",21,1,1
"1573","African-American",29,1,0
"2909","Caucasian",30,1,1
"4114","Caucasian",36,1,1
"1525","Caucasian",25,1,0
"305","African-American",24,1,1
"1172","African-American",32,0,0
"3218","Caucasian",25,0,0
"3049","African-American",29,1,0
"2861","Caucasian",36,1,0
"4510.1","Caucasian",20,0,1
"3132","African-American",32,1,1
"1298","African-American",52,1,0
"732","Caucasian",22,0,1
"3667.1","Caucasian",22,1,1
"880","African-American",25,0,0
"719","African-American",25,1,1
"4756","African-American",44,1,0
"221","African-American",22,1,1
"2412","Caucasian",27,1,1
"2186","Caucasian",34,1,1
"201.1","Caucasian",24,1,1
"3152","Caucasian",50,1,0
"1974","African-American",36,0,0
"1333.1","Caucasian",28,1,1
"4499","African-American",33,1,1
"4451","Caucasian",29,1,1
"1513","African-American",24,1,1
"2560.1","African-American",27,1,1
"4704","Caucasian",20,1,1
"1742","Caucasian",52,1,0
"455.1","Caucasian",34,1,0
"974","African-American",37,1,1
"827.1","African-American",21,1,0
"821","African-American",28,1,1
"1321","African-American",32,1,0
"1136","African-American",23,1,1
"2339","African-American",30,0,1
"4278","African-American",31,0,1
"1995","African-American",25,1,0
"4435","African-American",37,1,1
"1829","African-American",30,1,1
"4491","Caucasian",26,1,1
"2620","Caucasian",24,0,1
"762","African-American",46,0,0
"4965.1","African-American",34,1,0
"1884.1","Caucasian",26,1,1
"3166.1","African-American",31,1,1
"1701","Caucasian",36,1,1
"2558","African-American",22,0,1
"4957.2","African-American",32,1,0
"2737.2","African-American",22,1,1
"4306","Caucasian",24,1,1
"1864.2","Caucasian",54,1,0
"430","African-American",19,0,1
"4881","African-American",56,1,0
"1115.2","Caucasian",20,0,1
"1296","African-American",61,1,0
"1244.1","Caucasian",42,0,0
"3045","African-American",27,0,1
"2080","African-American",50,0,0
"4023.2","African-American",36,1,0
"2802","African-American",23,1,1
"1159","Caucasian",27,1,1
"2405.1","African-American",26,1,0
"900","Caucasian",50,1,0
"1993","Caucasian",27,0,0
"3936.1","Caucasian",31,1,1
"4652","Caucasian",21,0,1
"2182.1","Caucasian",31,0,1
"3961.1","Caucasian",37,0,0
"472","African-American",28,1,1
"2246.1","Caucasian",22,0,1
"1169.1","African-American",24,0,1
"1389","African-American",30,1,1
"1497","African-American",25,1,1
"2073","African-American",23,0,1
"4485","Caucasian",23,0,0
"3495","Caucasian",52,0,0
"2724","African-American",40,1,0
"2296.1","African-American",29,1,1
"4429.1","African-American",27,0,0
"1816","Caucasian",19,0,1
"877.1","Caucasian",41,0,0
"4514.1","Caucasian",22,0,1
"4064.1","Caucasian",26,0,1
"4372","African-American",37,1,0
"313","African-American",24,1,1
"2746.1","Caucasian",23,1,0
"3813","Caucasian",34,1,1
"4040","Caucasian",30,1,1
"3996","Caucasian",22,0,1
"3271","Caucasian",27,0,1
"1293","Caucasian",43,0,0
"1649.1","African-American",43,1,0
"3080","African-American",32,1,0
"4841","Caucasian",35,1,0
"3239","African-American",25,0,1
"4972.1","Caucasian",49,1,0
"3865","African-American",35,1,0
"3072","African-American",26,1,1
"928","African-American",34,0,0
"902","African-American",28,1,1
"2723","Caucasian",43,0,0
"231.1","African-American",55,0,0
"2578","African-American",63,1,0
"2673","Caucasian",37,0,0
"1361","Caucasian",35,1,1
"1415","Caucasian",37,1,1
"4539","Caucasian",21,0,1
"1435","Caucasian",36,0,0
"4925","Caucasian",40,1,0
"386","Caucasian",19,1,1
"4860.1","African-American",43,0,0
"3061","Caucasian",26,0,1
"2607","Caucasian",20,0,1
"4743","African-American",28,1,0
"2825.1","Caucasian",68,0,0
"3286.1","African-American",28,0,1
"1159.1","Caucasian",27,1,1
"3601","African-American",25,0,1
"143","Caucasian",28,0,1
"4065","Caucasian",21,1,1
"2053","African-American",27,1,0
"3278.1","Caucasian",49,1,0
"4201.1","Caucasian",31,1,1
"3202","African-American",22,0,0
"837","African-American",43,1,0
"4264","Caucasian",55,1,0
"2511.2","African-American",27,1,1
"2310.1","Caucasian",23,0,1
"535.1","Caucasian",34,1,1
"2037","African-American",27,1,1
"1104.1","African-American",60,1,0
"4709","Caucasian",35,1,0
"2652","African-American",60,1,0
"2621","Caucasian",56,0,0
"643","Caucasian",19,1,1
"1731","African-American",21,1,1
"1629","African-American",54,1,0
"1610","Caucasian",32,1,0
"3593","Caucasian",54,1,0
"4493","Caucasian",24,1,1
"1076.1","African-American",33,1,0
"23","Caucasian",37,1,1
"4601","Caucasian",30,0,1
"34","African-American",45,1,0
"4559","African-American",21,0,1
"2921","African-American",29,1,1
"2249.1","Caucasian",49,1,0
"101.1","African-American",29,1,0
"1994","African-American",22,0,1
"187.1","African-American",27,1,1
"544","Caucasian",26,1,1
"767","African-American",21,1,1
"3801","African-American",60,1,0
"180","Caucasian",41,1,0
"807","African-American",20,1,1
"4589","Caucasian",34,1,0
"1232","Caucasian",29,1,0
"2109","Caucasian",36,1,0
"831.1","African-American",30,1,0
"1193","Caucasian",34,1,1
"2652.1","African-American",60,1,0
"928.1","African-American",34,0,0
"2798","Caucasian",27,1,0
"2290","Caucasian",60,1,0
"1141","Caucasian",32,1,1
"1513.1","African-American",24,1,1
"4609","Caucasian",46,0,0
"1727","African-American",34,1,0
"2982","Caucasian",25,1,1
"800.1","Caucasian",59,0,0
"2370","African-American",29,1,1
"799","Caucasian",37,0,0
"1400.1","African-American",22,0,1
"1677","African-American",26,1,0
"3998","Caucasian",31,1,1
"4745","Caucasian",56,0,0
"1701.1","Caucasian",36,1,1
"896","African-American",27,1,1
"2325","African-American",35,1,0
"300","Caucasian",52,0,0
"2409","Caucasian",45,1,0
"989","African-American",39,1,0
"2082","African-American",35,1,1
"4138","African-American",27,1,0
"4553.1","Caucasian",28,1,0
"1617","Caucasian",33,1,0
"724.1","African-American",60,1,0
"4441.3","Caucasian",25,1,1
"4474","Caucasian",28,1,1
"4384","Caucasian",32,0,1
"459.1","African-American",33,1,1
"42","Caucasian",23,1,1
"2616.1","African-American",27,1,1
"2199.1","Caucasian",23,1,1
"854.1","African-American",46,1,0
"4873","Caucasian",31,1,1
"240","Caucasian",21,0,1
"2639","African-American",22,0,1
"818","African-American",58,1,0
"4020","Caucasian",40,1,0
"3398.1","Caucasian",23,1,1
"379","Caucasian",66,1,0
"3716","African-American",21,1,1
"2364","Caucasian",33,0,1
"3130.1","Caucasian",29,1,1
"4344","African-American",34,1,0
"1521","Caucasian",53,1,0
"3651","Caucasian",46,1,1
"4057","Caucasian",35,1,0
"821.1","African-American",28,1,1
"893","Caucasian",24,1,0
"1961","Caucasian",20,0,1
"281.1","African-American",30,1,0
"3114","African-American",26,1,1
"2356","African-American",39,1,0
"1147","Caucasian",33,1,0
"954","Caucasian",39,1,0
"2172","Caucasian",22,0,1
"4886.1","Caucasian",40,0,0
"4337","Caucasian",58,1,0
"319.1","Caucasian",28,1,0
"2943.1","Caucasian",24,1,0
"812","Caucasian",67,0,0
"586.1","African-American",31,1,1
"1376","African-American",25,1,1
"4240","African-American",24,1,1
"1535","Caucasian",26,1,1
"3008","African-American",30,1,0
"2578.1","African-American",63,1,0
"1560","Caucasian",56,1,0
"2479","African-American",33,1,0
"1052.1","Caucasian",24,1,1
"3777","Caucasian",38,1,0
"4685","Caucasian",32,1,1
"4730","African-American",45,1,0
"1754","African-American",42,1,0
"2797","African-American",41,1,0
"999.1","African-American",47,1,0
"2380","Caucasian",21,1,1
"3059","Caucasian",35,1,0
"4808.1","African-American",26,1,1
"1172.1","African-American",32,0,0
"1405","African-American",24,1,0
"3507","African-American",48,0,0
"4785.1","African-American",21,0,1
"36","Caucasian",28,1,1
"3340","African-American",65,1,0
"1516.1","Caucasian",43,0,0
"4662","African-American",47,1,0
"3078.2","Caucasian",29,1,1
"3869","Caucasian",24,1,1
"4178","Caucasian",22,1,1
"2351","Caucasian",38,0,1
"3003","African-American",20,1,1
"1266","Caucasian",22,0,1
"3490","African-American",37,1,0
"2386","African-American",22,1,1
"313.1","African-American",24,1,1
"3771","African-American",27,1,0
"4207","Caucasian",21,0,1
"393","African-American",39,0,0
"1398.1","Caucasian",27,0,1
"953","African-American",23,1,1
"3959","Caucasian",24,0,1
"2580","Caucasian",21,1,1
"319.2","Caucasian",28,1,0
"293.1","Caucasian",46,0,0
"2452.1","Caucasian",34,0,0
"2032.1","African-American",28,1,1
"4959.1","Caucasian",30,1,1
"4227","Caucasian",56,1,0
"736.1","Caucasian",24,0,0
"2455","Caucasian",42,1,0
"2287.1","African-American",24,1,1
"3555.1","African-American",32,0,0
"904","Caucasian",22,0,1
"225","Caucasian",36,0,0
"1369","African-American",25,1,1
"2136.1","Caucasian",28,0,0
"3356","Caucasian",22,1,1
"992","Caucasian",46,1,0
"2445","African-American",54,1,0
"1567","African-American",27,1,1
"3106","Caucasian",30,1,1
"680.1","Caucasian",24,1,1
"3490.1","African-American",37,1,0
"3587.1","Caucasian",21,0,1
"3217","African-American",33,1,0
"4713","Caucasian",21,0,1
"1313","Caucasian",38,1,0
"2652.2","African-American",60,1,0
"1851","African-American",24,1,1
"1839.1","Caucasian",22,1,1
"2782.1","African-American",28,1,1
"4698","African-American",59,1,0
"808","African-American",59,1,0
"1905","African-American",23,1,0
"1075","African-American",50,1,0
"3436","Caucasian",30,0,0
"3679.2","African-American",22,0,1
"1995.1","African-American",25,1,0
"4132","Caucasian",39,1,0
"3284","Caucasian",23,1,1
"4940","African-American",30,1,0
"3928","Caucasian",28,0,1
"660","African-American",35,1,0
"827.2","African-American",21,1,0
"4401.1","African-American",50,0,0
"1430","Caucasian",43,0,0
"3729","Caucasian",28,0,1
"3597.1","Caucasian",20,0,1
"1461","Caucasian",27,0,0
"486.2","African-American",47,0,0
"2247.1","Caucasian",30,0,1
"304","African-American",22,0,1
"2667.1","African-American",29,1,0
"2730","Caucasian",22,0,1
"870.1","African-American",28,1,1
"4130.1","African-American",53,0,0
"1819.2","Caucasian",29,0,0
"1568","Caucasian",40,1,1
"2874","African-American",28,1,0
"1210","Caucasian",30,0,0
"4943","African-American",23,0,1
"1426","African-American",27,1,1
"81","African-American",27,1,0
"542","Caucasian",59,1,0
"2454.1","African-American",29,0,0
"4529","Caucasian",29,1,1
"3915","African-American",21,1,1
"1146","African-American",51,1,0
"1662.1","African-American",39,1,0
"4453.1","African-American",26,1,1
"4924","African-American",27,0,0
"1890","African-American",34,1,1
"2749","African-American",29,1,0
"357","Caucasian",38,1,0
"2407.1","African-American",21,0,1
"560","Caucasian",30,0,1
"3662.1","African-American",20,0,1
"2609","Caucasian",38,1,0
"1609","Caucasian",40,1,0
"2943.2","Caucasian",24,1,0
"1477","African-American",51,1,0
"1698","Caucasian",49,1,0
"4177","African-American",31,1,1
"2158","African-American",24,0,1
"3038","Caucasian",27,1,1
"1960","Caucasian",36,1,0
"968","Caucasian",53,1,0
"3838","African-American",23,0,1
"1924","Caucasian",26,1,1
"2133.1","African-American",42,1,1
"4398","Caucasian",23,0,1
"4091.1","Caucasian",30,0,0
"3931","African-American",35,1,0
"1868","African-American",50,1,0
"3465","Caucasian",27,0,0
"3652.1","Caucasian",29,1,1
"246","African-American",32,1,0
"3024","Caucasian",39,0,0
"1338","Caucasian",26,0,1
"1006","African-American",24,1,1
"4231.1","Caucasian",47,1,0
"4408","African-American",36,1,0
"4412.1","African-American",29,0,0
"523","Caucasian",52,0,0
"50","African-American",33,1,0
"380","Caucasian",26,1,1
"3674","Caucasian",21,1,1
"251","Caucasian",26,0,1
"4651","African-American",51,1,0
"2633","African-American",60,0,0
"2534","Caucasian",22,1,0
"1687","Caucasian",34,1,0
"4513","African-American",21,1,1
"4477","African-American",24,1,0
"3769","Caucasian",49,0,0
"3201","Caucasian",22,1,1
"3150","Caucasian",26,1,1
"26","Caucasian",29,0,0
"4278.1","African-American",31,0,1
"1818.1","African-American",47,1,0
"1543","Caucasian",26,1,1
"2334","African-American",26,1,1
"3339","African-American",29,0,0
"651","African-American",52,1,0
"2222","Caucasian",20,0,1
"475.1","African-American",31,1,0
"4255","African-American",22,1,1
"669","Caucasian",22,0,0
"321","African-American",42,1,0
"566","Caucasian",21,0,1
"1280.1","Caucasian",25,0,0
"442","Caucasian",22,1,1
"175.1","African-American",27,1,1
"1397","Caucasian",33,0,0
"539","Caucasian",51,0,0
"4036","Caucasian",21,1,1
"4153","Caucasian",42,0,0
"712.1","African-American",48,1,0
"4815.1","African-American",33,0,0
"2576","African-American",20,0,1
"524.1","Caucasian",35,1,0
"1086","African-American",45,1,1
"4058","African-American",55,1,0
"4406","African-American",54,1,0
"2545","Caucasian",32,1,0
"1963","Caucasian",52,1,0
"713","African-American",24,0,0
"1086.1","African-American",45,1,1
"3473","Caucasian",22,1,1
"420.1","African-American",28,1,0
"4879.1","Caucasian",30,1,1
"4188.1","Caucasian",25,1,1
"3678","African-American",26,1,1
"4429.2","African-American",27,0,0
"3712","Caucasian",22,0,0
"2359","Caucasian",21,1,1
"4456","African-American",23,1,1
"1866","African-American",38,1,0
"991.1","Caucasian",24,0,1
"2636","Caucasian",26,1,1
"1288","Caucasian",65,0,0
"1632","Caucasian",55,0,0
"4287","African-American",19,1,1
"3203","African-American",50,1,0
"188","African-American",60,1,1
"2041.2","African-American",27,0,1
"1605","Caucasian",62,0,0
"2255","African-American",30,1,0
"3953","African-American",35,1,0
"2079","Caucasian",45,1,0
"1158.1","Caucasian",22,1,1
"3465.1","Caucasian",27,0,0
"2504","Caucasian",35,0,0
"947","Caucasian",34,1,0
"2287.2","African-American",24,1,1
"2960","African-American",27,1,1
"2119.1","African-American",39,1,0
"4200","Caucasian",26,1,0
"3942","Caucasian",47,1,0
"4551","African-American",40,1,1
"1152","Caucasian",22,1,1
"1142","Caucasian",45,0,0
"3183","Caucasian",41,1,0
"3703.1","African-American",23,0,1
"1232.1","Caucasian",29,1,0
"610","African-American",21,0,1
"1180","African-American",24,1,1
"4720","Caucasian",26,1,1
"1550","African-American",21,1,1
"733","African-American",29,1,1
"3820","Caucasian",36,1,1
"4316","Caucasian",21,1,1
"4242","African-American",59,1,0
"1842","African-American",28,1,1
"4312","African-American",33,0,0
"4584","Caucasian",30,1,1
"4130.2","African-American",53,0,0
"2798.1","Caucasian",27,1,0
"742.1","Caucasian",33,1,0
"4633.1","Caucasian",30,1,0
"4516","African-American",26,0,0
"3211","African-American",50,1,0
"623","Caucasian",40,0,0
"1674","Caucasian",24,1,1
"2235","Caucasian",24,1,1
"1794","African-American",25,1,1
"1350","Caucasian",42,0,0
"1524","Caucasian",39,0,0
"1996.1","African-American",23,1,0
"1159.2","Caucasian",27,1,1
"327","Caucasian",29,1,1
"2241","African-American",41,1,0
"2721","Caucasian",55,1,0
"2396","African-American",40,1,0
"2510.1","Caucasian",30,0,0
"3394","African-American",25,1,0
"1136.1","African-American",23,1,1
"3145","African-American",45,0,0
"2007.1","Caucasian",25,0,1
"1913","Caucasian",56,1,0
"3193","African-American",28,1,0
"4784","Caucasian",61,0,0
"958","Caucasian",44,1,0
"3113","African-American",28,1,0
"3161","Caucasian",39,0,0
"1389.1","African-American",30,1,1
"2571.1","Caucasian",55,1,0
"1802.1","African-American",24,1,1
"2082.1","African-American",35,1,1
"798.1","Caucasian",25,1,1
"771","African-American",35,1,0
"952","African-American",22,1,1
"4008.1","African-American",26,1,1
"2782.2","African-American",28,1,1
"3057.1","Caucasian",49,1,0
"2482","African-American",46,1,0
"2517.1","Caucasian",37,1,0
"820","African-American",59,1,0
"4928","Caucasian",46,0,0
"165","Caucasian",80,0,0
"4198","African-American",33,0,1
"1416","African-American",35,0,0
"4607","African-American",25,1,1
"2058.1","Caucasian",23,1,1
"1256","Caucasian",27,0,1
"468","Caucasian",44,1,0
"607.1","Caucasian",32,0,0
"1965","Caucasian",35,1,1
"3671","African-American",27,1,1
"2270","Caucasian",46,0,0
"894.1","African-American",23,0,1
"270","African-American",26,1,1
"1131","Caucasian",21,0,1
"1146.1","African-American",51,1,0
"4700","Caucasian",22,1,1
"4145","Caucasian",25,1,1
"1275","Caucasian",23,1,1
"2977","Caucasian",39,0,0
"3159","African-American",23,1,0
"2213","African-American",31,1,1
"4017","African-American",36,1,1
"473.1","Caucasian",25,0,1
"2251.1","African-American",25,1,1
"4443","Caucasian",41,0,1
"789","Caucasian",45,1,0
"4736.1","Caucasian",25,1,0
"934","Caucasian",30,0,0
"2967","Caucasian",25,1,1
"1639.2","African-American",23,0,1
"416.1","Caucasian",56,1,0
"880.1","African-American",25,0,0
"19","African-American",22,1,1
"53","Caucasian",42,0,0
"3142.1","Caucasian",22,0,1
"1203","African-American",44,1,0
"4253","Caucasian",20,0,1
"4663","African-American",47,1,0
"2649","Caucasian",28,1,1
"408","Caucasian",29,1,1
"1796","Caucasian",51,0,0
"3709","Caucasian",44,1,0
"2186.1","Caucasian",34,1,1
"2416","Caucasian",25,0,1
"183.1","Caucasian",53,0,0
"4509","Caucasian",53,1,0
"2246.2","Caucasian",22,0,1
"14","African-American",58,1,0
"1938","African-American",57,0,0
"3234.1","Caucasian",47,0,0
"1077","African-American",24,1,1
"3775","African-American",51,0,0
"3583","Caucasian",23,0,0
"1256.1","Caucasian",27,0,1
"1604.2","African-American",56,1,0
"2883.1","Caucasian",26,0,1
"4476","African-American",24,1,1
"3867","Caucasian",44,1,0
"246.1","African-American",32,1,0
"464.2","Caucasian",29,0,1
"3500","Caucasian",36,1,1
"779","African-American",24,1,0
"3913","Caucasian",24,0,1
"3063","African-American",23,0,1
"3726.1","African-American",21,0,0
"3893","Caucasian",27,0,1
"2473","African-American",24,0,1
"3840","Caucasian",56,1,0
"2872","African-American",32,1,1
"1864.3","Caucasian",54,1,0
"3947.1","African-American",56,1,0
"4197","Caucasian",39,1,0
"2887.1","African-American",30,1,0
"700","African-American",64,1,0
"4028.1","Caucasian",45,1,0
"4509.1","Caucasian",53,1,0
"2941","African-American",22,1,1
"4243","Caucasian",24,1,1
"867","Caucasian",22,0,1
"4012","Caucasian",32,1,1
"775.1","African-American",31,1,0
"4288","Caucasian",30,0,1
"3896","African-American",26,0,0
"4606","Caucasian",25,1,0
"2523","African-American",19,0,1
"711","Caucasian",39,1,0
"4989","African-American",42,0,0
"4316.1","Caucasian",21,1,1
"539.1","Caucasian",51,0,0
"1500","Caucasian",24,1,1
"330","Caucasian",24,1,1
"4769","African-American",26,0,0
"233.1","Caucasian",57,1,0
"375","African-American",27,1,1
"3015","Caucasian",56,1,0
"1230","African-American",21,0,1
"2944","Caucasian",41,0,0
"3456","Caucasian",39,1,1
"3909","Caucasian",21,0,1
"2361.1","Caucasian",37,1,1
"4573.1","Caucasian",34,1,1
"2540","African-American",38,1,0
"3202.1","African-American",22,0,0
"1763.1","African-American",38,1,0
"4601.1","Caucasian",30,0,1
"4838","Caucasian",58,1,0
"4846","Caucasian",24,1,1
"2048.1","Caucasian",33,0,1
"2646.2","Caucasian",52,0,0
"1711","Caucasian",33,1,0
"2742","African-American",21,0,1
"2512","Caucasian",47,0,0
"1352","Caucasian",52,1,0
"3763","African-American",54,1,0
"1918","Caucasian",50,1,0
"3203.1","African-American",50,1,0
"1077.1","African-American",24,1,1
"112","African-American",25,1,1
"1062","Caucasian",30,0,0
"2974","African-American",62,0,0
"610.1","African-American",21,0,1
"4837.1","African-American",25,1,1
"358","African-American",34,0,1
"2285","Caucasian",24,0,0
"1872.1","African-American",22,0,1
"2361.2","Caucasian",37,1,1
"2075","Caucasian",25,0,1
"4006.1","Caucasian",31,0,1
"2641","African-American",34,1,1
"3022","African-American",31,0,0
"2392.1","African-American",52,0,0
"1436","Caucasian",36,1,1
"4739.1","African-American",21,0,1
"2373","African-American",21,1,1
"1606.1","African-American",25,1,1
"4637","Caucasian",28,1,0
"91.1","African-American",32,0,0
"4544.1","African-American",22,0,1
"2249.2","Caucasian",49,1,0
"4868.1","Caucasian",21,1,0
"4697","African-American",25,1,1
"896.1","African-American",27,1,1
"2507","African-American",23,0,1
"1254","African-American",24,1,0
"1418.1","Caucasian",21,0,1
"4733","African-American",23,0,0
"4770.1","African-American",27,1,1
"829","African-American",21,0,0
"3811","Caucasian",45,0,0
"4581","African-American",25,1,1
"4200.1","Caucasian",26,1,0
"3080.1","African-American",32,1,0
"3662.2","African-American",20,0,1
"2603","African-American",23,1,1
"4650","African-American",50,1,0
"2850","African-American",30,1,0
"4384.1","Caucasian",32,0,1
"3989","Caucasian",24,0,1
"4718","African-American",26,1,1
"2883.2","Caucasian",26,0,1
"3118.2","Caucasian",32,1,1
"4184","Caucasian",37,1,0
"2802.1","African-American",23,1,1
"1983","Caucasian",23,1,0
"2461","African-American",24,1,0
"2491","African-American",33,0,0
"4606.1","Caucasian",25,1,0
"3086","African-American",41,1,0
"3447.1","Caucasian",26,0,1
"65.1","Caucasian",21,0,1
"536","African-American",24,1,1
"4403","Caucasian",21,1,1
"3495.1","Caucasian",52,0,0
"4082","Caucasian",46,0,0
"2542","African-American",22,1,1
"986","African-American",56,1,0
"1020","Caucasian",34,0,0
"3572.1","Caucasian",44,0,0
"4982","Caucasian",32,1,1
"2059.1","Caucasian",32,1,1
"4443.1","Caucasian",41,0,1
"4715.1","African-American",39,1,0
"252.1","African-American",31,1,0
"855.1","Caucasian",35,1,0
"897","African-American",27,1,0
"4333","Caucasian",35,0,0
"1178.1","African-American",28,1,1
"4452","Caucasian",40,1,0
"767.1","African-American",21,1,1
"4897","Caucasian",56,1,0
"2047","African-American",21,1,1
"3151.1","Caucasian",33,1,1
"3825","African-American",31,1,1
"2372","African-American",26,1,1
"2836","Caucasian",43,1,0
"2336.1","Caucasian",32,1,0
"3688","African-American",30,0,0
"4176","Caucasian",31,1,1
"1139","African-American",37,1,0
"145","African-American",41,0,0
"1957","African-American",22,0,1
"2047.1","African-American",21,1,1
"2647","African-American",26,1,1
"73","African-American",28,1,1
"2625.1","Caucasian",26,0,1
"1280.2","Caucasian",25,0,0
"1314","Caucasian",28,1,1
"2300","Caucasian",24,0,0
"2727","African-American",28,1,1
"2382","Caucasian",26,1,1
"4311","Caucasian",29,1,1
"4261.1","African-American",21,1,1
"2197","African-American",21,0,1
"4540","Caucasian",32,1,0
"3812","Caucasian",26,0,1
"4613","Caucasian",33,0,1
"4570.1","Caucasian",29,0,0
"2321","African-American",28,1,1
"2596","Caucasian",43,0,0
"1700","African-American",40,1,0
"1653","African-American",23,1,0
"1777","African-American",24,1,1
"1065.2","Caucasian",23,1,1
"905","Caucasian",26,1,1
"831.2","African-American",30,1,0
"4829.2","Caucasian",21,1,1
"4398.1","Caucasian",23,0,1
"3765","Caucasian",20,1,0
"3584","African-American",26,0,0
"4978","African-American",37,1,0
"820.1","African-American",59,1,0
"4043","Caucasian",30,0,0
"45","African-American",30,1,1
"1063","African-American",20,0,1
"2306","Caucasian",22,1,1
"1772","African-American",27,1,0
"2027","Caucasian",27,0,1
"3644","Caucasian",56,1,0
"1115.3","Caucasian",20,0,1
"1634","African-American",25,0,0
"3231","Caucasian",25,1,0
"4986","African-American",37,1,0
"762.1","African-American",46,0,0
"2424","Caucasian",26,1,1
"4119","Caucasian",20,0,1
"1820","Caucasian",29,1,1
"1849","Caucasian",36,1,1
"2955","Caucasian",24,1,0
"1164","African-American",23,1,1
"486.3","African-American",47,0,0
"1815","African-American",26,1,1
"2219.1","African-American",28,1,1
"3017","African-American",23,0,1
"1760","Caucasian",33,1,1
"2447","African-American",32,1,1
"1101","Caucasian",51,1,0
"4659","Caucasian",20,1,1
"1577","African-American",44,1,0
"1453","African-American",46,1,0
"46.1","Caucasian",22,1,1
"3706","African-American",42,1,1
"778","African-American",42,0,0
"4539.1","Caucasian",21,0,1
"1702.1","African-American",23,1,0
"2788.1","African-American",28,1,0
"3646","African-American",25,1,1
"751","Caucasian",24,0,1
"1271.1","Caucasian",21,1,1
"4400","African-American",46,0,0
"2400","Caucasian",27,1,1
"1518","African-American",23,0,1
"2300.1","Caucasian",24,0,0
"3026","African-American",24,1,1
"4867.1","African-American",29,1,0
"366","African-American",25,1,1
"4943.1","African-American",23,0,1
"2595","African-American",23,0,1
"3375","Caucasian",45,1,1
"800.2","Caucasian",59,0,0
"459.2","African-American",33,1,1
"791.1","African-American",30,1,0
"4677.1","Caucasian",22,1,1
"268","Caucasian",31,1,1
"939","African-American",21,1,0
"528","African-American",45,0,0
"2995","Caucasian",29,1,0
"3624","African-American",21,0,1
"1896.1","Caucasian",25,1,1
"557.1","African-American",33,1,0
"1734","African-American",40,1,1
"3943","Caucasian",38,1,0
"3711.3","African-American",26,1,1
"3097","Caucasian",27,1,1
"3436.1","Caucasian",30,0,0
"3723","Caucasian",29,1,1
"2123","African-American",23,1,0
"616.1","African-American",24,0,1
"17.1","African-American",21,1,1
"2895","Caucasian",30,1,1
"4539.2","Caucasian",21,0,1
"215","African-American",28,0,0
"3004","Caucasian",26,0,1
"3614.1","Caucasian",24,1,1
"4554.1","Caucasian",20,0,1
"3832","African-American",33,0,1
"3329","African-American",38,1,0
"4507.1","African-American",29,1,1
"3736","African-American",42,1,0
"3035","African-American",54,1,0
"245","Caucasian",51,1,0
"4314","African-American",27,1,1
"4421","Caucasian",20,1,1
"2380.1","Caucasian",21,1,1
"1448.2","Caucasian",57,0,0
"613.1","African-American",23,1,0
"4848.1","African-American",29,0,0
"3283","Caucasian",22,1,0
"650","African-American",25,0,1
"2088","African-American",41,0,0
"1134","Caucasian",21,0,1
"4659.1","Caucasian",20,1,1
"4874","African-American",39,0,0
"3531.1","Caucasian",23,1,1
"4775.1","Caucasian",46,1,0
"2415","Caucasian",41,0,0
"3405","Caucasian",28,1,0
"4977","Caucasian",23,0,1
"1262","African-American",61,1,0
"1009","African-American",27,1,0
"660.1","African-American",35,1,0
"3510","African-American",56,1,0
"2043.1","Caucasian",28,0,1
"1447","Caucasian",20,0,1
"718.3","African-American",22,0,1
"879","African-American",28,1,1
"4877.1","African-American",31,1,0
"4419.1","African-American",29,1,0
"3856","Caucasian",33,1,1
"3593.1","Caucasian",54,1,0
"2661.1","African-American",25,1,1
"4011","African-American",25,1,1
"431.3","African-American",24,1,1
"2518","African-American",55,0,0
"338","African-American",31,1,0
"1597.1","Caucasian",19,0,1
"2490","African-American",31,1,0
"3072.1","African-American",26,1,1
"1369.1","African-American",25,1,1
"2237","African-American",27,1,0
"2109.1","Caucasian",36,1,0
"4385","Caucasian",33,1,1
"3425","African-American",35,0,0
"3545","Caucasian",38,1,0
"2756.1","Caucasian",62,0,0
"2983","African-American",21,1,1
"4246","African-American",28,1,1
"3336","African-American",34,1,0
"4797.1","African-American",27,1,1
"1523","Caucasian",48,1,0
"3660.2","African-American",51,1,0
"2732.1","African-American",53,1,0
"3748","Caucasian",28,0,0
"2109.2","Caucasian",36,1,0
"2175","Caucasian",25,1,1
"4278.2","African-American",31,0,1
"2062","Caucasian",36,1,0
"2788.2","African-American",28,1,0
"2470.2","African-American",32,1,1
"3180.1","Caucasian",44,1,0
"1521.1","Caucasian",53,1,0
"450","African-American",21,0,1
"861","Caucasian",32,1,0
"4871","African-American",28,1,1
"1851.1","African-American",24,1,1
"2339.1","African-American",30,0,1
"2433","African-American",21,1,1
"892","Caucasian",22,0,1
"4304","Caucasian",30,0,1
"648.1","African-American",30,1,1
"3886","African-American",31,0,0
"2869","African-American",22,0,1
"4739.2","African-American",21,0,1
"1541","African-American",31,1,1
"1117","African-American",24,1,0
"2639.1","African-American",22,0,1
"1591","African-American",50,0,0
"2590","Caucasian",34,1,1
"4866","African-American",26,1,1
"783.1","African-American",21,0,1
"2153","African-American",28,0,1
"2991","Caucasian",31,1,1
"3769.1","Caucasian",49,0,0
"98.1","African-American",26,1,0
"4541.1","Caucasian",23,0,1
"1234","Caucasian",52,1,0
"4820","Caucasian",29,1,0
"4038","Caucasian",27,1,1
"2891","African-American",22,0,0
"2414.1","Caucasian",28,1,1
"509","Caucasian",24,1,1
"1861","African-American",30,0,0
"284","African-American",22,0,1
"1960.1","Caucasian",36,1,0
"1396","Caucasian",37,1,0
"2017","African-American",24,1,0
"602","Caucasian",61,0,0
"3102","Caucasian",27,0,1
"1511","African-American",35,1,0
"1844","African-American",25,1,1
"4754","Caucasian",30,1,0
"3848","African-American",37,1,0
"3277.1","African-American",26,1,1
"2638.4","Caucasian",19,1,1
"2405.2","African-American",26,1,0
"3175","Caucasian",52,1,0
"3743.1","African-American",39,1,0
"3769.2","Caucasian",49,0,0
"2671","African-American",21,0,1
"3675","Caucasian",47,0,0
"1600","African-American",27,1,1
"355.1","Caucasian",21,0,0
"104","African-American",21,1,0
"2732.2","African-American",53,1,0
"3784","Caucasian",43,1,0
"752","African-American",50,0,0
"2005","Caucasian",43,1,0
"429","African-American",34,0,1
"4351","African-American",20,0,1
"3888","African-American",24,1,1
"4071","Caucasian",47,0,0
"211","Caucasian",20,0,1
"3278.2","Caucasian",49,1,0
"4961","Caucasian",34,0,0
"1107","Caucasian",23,1,1
"3034","African-American",30,1,1
"1553.1","African-American",50,1,0
"883.2","African-American",35,1,0
"2311","African-American",30,1,1
"1624","Caucasian",30,1,1
"178","Caucasian",28,1,1
"3010","African-American",27,1,1
"3495.2","Caucasian",52,0,0
"3718","Caucasian",46,0,0
"607.2","Caucasian",32,0,0
"3109","African-American",23,0,1
"1579","Caucasian",20,0,1
"1020.1","Caucasian",34,0,0
"3404","Caucasian",42,0,0
"4174","African-American",39,1,0
"3144","Caucasian",29,1,1
"2170","Caucasian",66,1,0
"2560.2","African-American",27,1,1
"2294","Caucasian",24,1,1
"4047","African-American",22,0,1
"1861.1","African-American",30,0,0
"3366","Caucasian",28,0,1
"229","Caucasian",24,1,1
"1358.1","African-American",24,0,1
"1088","African-American",39,1,0
"4071.1","Caucasian",47,0,0
"2667.2","African-American",29,1,0
"298","African-American",24,1,0
"2184","Caucasian",24,0,1
"4085","Caucasian",51,0,0
"1917","Caucasian",21,1,1
"3135","Caucasian",25,0,1
"485","African-American",30,1,0
"4492.1","African-American",40,1,0
"4013","African-American",29,0,1
"1174","Caucasian",21,1,1
"2445.1","African-American",54,1,0
"2146.1","Caucasian",27,1,0
"4038.1","Caucasian",27,1,1
"283","African-American",20,0,0
"161","Caucasian",26,1,1
"699","African-American",27,1,0
"2807","Caucasian",38,1,0
"3936.2","Caucasian",31,1,1
"1502","African-American",24,1,1
"3843.1","Caucasian",27,1,1
"3149.1","Caucasian",26,0,1
"2437","Caucasian",29,1,1
"4797.2","African-American",27,1,1
"772","African-American",20,1,1
"4833","Caucasian",20,1,1
"793.1","Caucasian",24,1,1
"3402","Caucasian",54,1,0
"2947","Caucasian",34,1,1
"2867","African-American",24,1,1
"2524","Caucasian",21,1,1
"1304","African-American",26,0,1
"191","African-American",24,0,0
"2847","African-American",26,1,1
"4531","African-American",56,0,0
"753.2","Caucasian",48,1,0
"997","Caucasian",23,0,1
"347","African-American",22,1,1
"4568.1","African-American",20,0,1
"1389.2","African-American",30,1,1
"2154","Caucasian",26,1,1
"1106","African-American",23,1,0
"1054","Caucasian",25,1,1
"232","African-American",24,0,0
"1030","African-American",29,1,0
"805","Caucasian",49,0,0
"1529","Caucasian",74,0,0
"795","Caucasian",54,1,0
"1668","African-American",42,0,0
"4711","Caucasian",49,1,0
"4215","Caucasian",24,1,1
"2760","African-American",28,1,0
"2428","African-American",40,0,0
"1928","Caucasian",26,0,0
"140","Caucasian",58,1,0
"4583","African-American",28,1,1
"3433","Caucasian",44,1,0
"3731","African-American",28,1,0
"2701","African-American",52,1,0
"2181.1","Caucasian",28,1,1
"2096.1","Caucasian",29,0,1
"1159.3","Caucasian",27,1,1
"4104","African-American",34,1,0
"3531.2","Caucasian",23,1,1
"3465.2","Caucasian",27,0,0
"2419.1","African-American",48,1,0
"2155","African-American",53,1,0
"1258","Caucasian",28,1,1
"1642","African-American",22,0,1
"1435.1","Caucasian",36,0,0
"2278","African-American",30,1,0
"3299","Caucasian",76,1,0
"4402.1","Caucasian",22,0,1
"2557","African-American",59,1,0
"2287.3","African-American",24,1,1
"2603.1","African-American",23,1,1
"1266.1","Caucasian",22,0,1
"2523.1","African-American",19,0,1
"3915.1","African-American",21,1,1
"3369","Caucasian",20,0,1
"1545","Caucasian",28,1,1
"2397","Caucasian",29,0,1
"3975","Caucasian",51,1,0
"2286","African-American",37,1,0
"179","African-American",43,1,0
"3648","African-American",24,0,1
"2627","African-American",43,0,0
"1733","African-American",28,1,0
"212","African-American",20,0,1
"479","African-American",52,1,0
"2289","African-American",47,1,0
"686","Caucasian",20,1,1
"3994","Caucasian",28,1,0
"1299","Caucasian",22,0,1
"3768.2","African-American",22,1,1
"2770.1","Caucasian",24,0,1
"363","African-American",34,1,0
"314","Caucasian",24,1,1
"3170","African-American",27,0,0
"4496.1","African-American",51,1,0
"1943","Caucasian",25,1,1
"3075","African-American",28,1,1
"3839.1","Caucasian",24,1,1
"3079","African-American",31,0,0
"228","African-American",22,1,0
"3058","Caucasian",37,1,0
"4665","Caucasian",37,1,0
"1726","Caucasian",32,0,0
"1231","Caucasian",53,1,0
"4774.1","African-American",30,1,1
"701","Caucasian",30,1,0
"2407.2","African-American",21,0,1
"3601.1","African-American",25,0,1
"2593.1","Caucasian",25,1,0
"4863.1","African-American",22,0,1
"315","Caucasian",21,0,1
"1228","African-American",26,1,1
"2154.1","Caucasian",26,1,1
"658","Caucasian",30,1,1
"3402.1","Caucasian",54,1,0
"2479.1","African-American",33,1,0
"3557.2","Caucasian",21,1,0
"4678","African-American",23,1,1
"3728","African-American",23,1,1
"501","Caucasian",66,0,0
"1998","Caucasian",44,0,0
"1124.1","Caucasian",21,0,1
"568","Caucasian",51,1,0
"2314.1","African-American",28,0,1
"530","Caucasian",40,0,0
"2932","African-American",44,0,0
"1771.1","Caucasian",34,1,1
"1214","African-American",23,1,0
"249","Caucasian",24,0,1
"4842","African-American",24,0,1
"3334","Caucasian",53,0,0
"3338","African-American",23,0,1
"4932","Caucasian",28,1,1
"1340.1","Caucasian",24,1,1
"842","Caucasian",37,0,0
"910","African-American",23,0,1
"383","African-American",27,1,1
"4592","Caucasian",23,1,1
"3708.1","Caucasian",70,1,0
"1867","African-American",38,1,0
"4668","African-American",30,0,1
"269","African-American",23,1,1
"1094","Caucasian",39,0,0
"2040","African-American",59,1,0
"446","African-American",31,1,0
"4313","African-American",28,1,1
"4165","Caucasian",49,1,0
"4288.1","Caucasian",30,0,1
"4683","Caucasian",32,1,1
"1309","African-American",22,0,1
"2296.2","African-American",29,1,1
"1570","African-American",23,1,1
"1185.2","African-American",34,1,1
"4352","Caucasian",21,0,1
"2084","African-American",36,1,0
"3739","Caucasian",27,1,1
"1512","African-American",59,1,0
"1562.1","African-American",53,1,0
"3737","Caucasian",29,0,0
"3740.1","African-American",31,0,0
"121","Caucasian",36,1,1
"3652.2","Caucasian",29,1,1
"3830","African-American",33,1,0
"4386","Caucasian",45,0,0
"2139","Caucasian",35,1,0
"3298","African-American",33,1,0
"3413","African-American",38,1,0
"4092","African-American",53,1,0
"4847","Caucasian",28,0,1
"1923","Caucasian",50,1,0
"126","Caucasian",51,1,0
"4223","Caucasian",51,1,0
"735","Caucasian",44,1,0
"2475.3","Caucasian",24,0,1
"4764","Caucasian",65,0,0
"4187","African-American",20,0,1
"4213.1","Caucasian",27,1,1
"3318.1","Caucasian",29,0,0
"2149","Caucasian",54,0,0
"3751.1","Caucasian",45,0,0
"1024","African-American",31,1,0
"4167","Caucasian",22,1,1
"2904","Caucasian",41,1,1
"2012","Caucasian",23,1,1
"2223.1","Caucasian",26,1,1
"1516.2","Caucasian",43,0,0
"4948","African-American",39,0,0
"3623","African-American",23,1,1
"3970","African-American",49,1,0
"4435.1","African-American",37,1,1
"3664.2","Caucasian",28,0,1
"3842","African-American",38,1,0
"3822.1","Caucasian",37,1,1
"2850.1","African-American",30,1,0
"1609.1","Caucasian",40,1,0
"1753","African-American",21,1,1
"1772.1","African-American",27,1,0
"2432.1","African-American",26,0,0
"3984","African-American",22,1,1
"3244","African-American",31,0,0
"949.2","Caucasian",33,1,1
"4590.1","Caucasian",26,1,0
"4229.1","African-American",21,0,1
"761","African-American",21,1,1
"2612","African-American",56,1,0
"728","African-American",33,0,0
"2233","African-American",43,1,0
"2333.1","African-American",23,1,1
"3726.2","African-American",21,0,0
"1112.1","Caucasian",54,0,0
"1128","African-American",27,1,1
"3694","Caucasian",36,1,1
"2984","African-American",25,1,1
"4615","Caucasian",50,0,0
"4450","Caucasian",26,1,1
"2513","African-American",35,1,1
"3670","Caucasian",24,1,1
"2442","African-American",22,1,1
"4056.1","African-American",30,0,0
"1204","Caucasian",31,1,1
"3429","African-American",41,1,0
"662","Caucasian",25,0,1
"175.2","African-American",27,1,1
"1904","Caucasian",26,0,1
"851","African-American",26,1,1
"3612","Caucasian",35,0,0
"3944.1","Caucasian",25,0,1
"3134","African-American",29,1,0
"296.1","Caucasian",52,1,0
"882","Caucasian",35,1,0
"260","African-American",30,1,0
"1085","Caucasian",42,0,0
"2675","African-American",28,1,0
"2630.2","Caucasian",48,1,0
"3386","Caucasian",23,1,1
"619","African-American",56,0,0
"1063.1","African-American",20,0,1
"3097.1","Caucasian",27,1,1
"4037","Caucasian",61,1,0
"3365","Caucasian",28,0,1
"100","Caucasian",36,1,1
"4314.1","African-American",27,1,1
"928.2","African-American",34,0,0
"669.1","Caucasian",22,0,0
"793.2","Caucasian",24,1,1
"1732","Caucasian",29,0,1
"966","African-American",24,0,1
"1648","Caucasian",27,1,1
"1138","Caucasian",19,0,1
"851.1","African-American",26,1,1
"352","Caucasian",36,1,1
"2869.1","African-American",22,0,1
"335.1","Caucasian",46,0,0
"2450","African-American",27,1,1
"370.1","Caucasian",26,1,1
"221.1","African-American",22,1,1
"4948.1","African-American",39,0,0
"564","Caucasian",19,1,1
"4860.2","African-American",43,0,0
"3869.1","Caucasian",24,1,1
"4924.1","African-American",27,0,0
"3715","Caucasian",22,0,1
"2609.1","Caucasian",38,1,0
"783.2","African-American",21,0,1
"4486","African-American",28,1,1
"483","African-American",20,0,1
"3552.1","African-American",35,1,0
"3510.1","African-American",56,1,0
"3738","Caucasian",26,1,1
"3639.1","Caucasian",21,1,1
"4410","Caucasian",67,1,0
"2559.1","African-American",20,1,1
"2435.1","Caucasian",29,1,0
"3733.1","African-American",29,1,1
"418.2","Caucasian",44,1,0
"483.1","African-American",20,0,1
"2488","Caucasian",37,0,0
"1112.2","Caucasian",54,0,0
"2771","Caucasian",23,0,0
"41","African-American",29,1,0
"1450","Caucasian",30,0,1
"3740.2","African-American",31,0,0
"4274","Caucasian",23,0,1
"3416","African-American",21,0,1
"440","Caucasian",31,0,0
"3444","African-American",21,0,1
"2365","African-American",27,1,0
"167.1","African-American",29,1,1
"2400.1","Caucasian",27,1,1
"3158","African-American",25,0,0
"4070","African-American",28,1,1
"4091.2","Caucasian",30,0,0
"1077.2","African-American",24,1,1
"630.1","African-American",40,1,0
"4436.1","Caucasian",53,1,0
"2357","Caucasian",30,0,1
"4212","African-American",22,1,1
"3816.1","Caucasian",37,0,0
"701.1","Caucasian",30,1,0
"4877.2","African-American",31,1,0
"2177.2","African-American",43,1,0
"1219","African-American",28,1,1
"2591","Caucasian",45,1,0
"2137","African-American",28,1,0
"3998.1","Caucasian",31,1,1
"3803","African-American",25,1,1
"4656","African-American",41,1,0
"4052.1","Caucasian",62,1,0
"4512.1","African-American",28,1,0
"887","African-American",37,0,1
"2461.1","African-American",24,1,0
"3214","African-American",19,0,0
"4619.1","Caucasian",21,1,1
"2439","African-American",42,0,1
"1353","African-American",24,1,1
"3953.1","African-American",35,1,0
"1013","African-American",25,0,0
"4173","Caucasian",25,1,1
"4495.1","African-American",27,1,0
"321.1","African-American",42,1,0
"2233.1","African-American",43,1,0
"1760.1","Caucasian",33,1,1
"342","African-American",37,1,0
"2611","African-American",49,1,0
"2644","Caucasian",21,1,1
"4681.1","African-American",31,1,1
"2960.1","African-American",27,1,1
"3362","Caucasian",48,1,0
"2193","Caucasian",19,0,1
"4171","Caucasian",31,1,1
"1401.1","Caucasian",28,1,1
"880.2","African-American",25,0,0
"2094","Caucasian",55,1,0
"239.1","Caucasian",43,0,0
"1449","African-American",49,1,0
"4706","Caucasian",23,1,1
"4162","African-American",24,0,1
"2260","African-American",20,0,1
"3786","Caucasian",35,1,1
"3102.1","Caucasian",27,0,1
"2545.1","Caucasian",32,1,0
"3989.1","Caucasian",24,0,1
"1548","African-American",25,1,1
"2475.4","Caucasian",24,0,1
"3296","Caucasian",21,0,1
"4879.2","Caucasian",30,1,1
"1598","African-American",28,1,0
"3628","African-American",29,0,1
"2698","Caucasian",38,0,0
"2466","African-American",28,1,1
"4597.1","Caucasian",40,1,0
"4530","African-American",21,1,1
"291","African-American",33,0,0
"3991","African-American",40,1,0
"1180.1","African-American",24,1,1
"1256.2","Caucasian",27,0,1
"1042","Caucasian",30,0,1
"759","African-American",21,0,1
"337","African-American",23,0,0
"3255","African-American",20,0,1
"3000","Caucasian",26,1,1
"3463","Caucasian",26,0,1
"1463","African-American",22,0,1
"1970","Caucasian",33,0,0
"2760.1","African-American",28,1,0
"382","African-American",29,1,0
"4563.2","Caucasian",22,0,1
"4214","Caucasian",32,0,1
"4095.1","African-American",31,1,1
"2360","Caucasian",25,1,1
"1393","African-American",26,1,1
"1030.1","African-American",29,1,0
"557.2","African-American",33,1,0
"4177.1","African-American",31,1,1
"1847","Caucasian",26,0,1
"3363.1","Caucasian",23,1,1
"1874","African-American",24,1,1
"2415.1","Caucasian",41,0,0
"4037.1","Caucasian",61,1,0
"4309","Caucasian",27,1,1
"2743","African-American",25,1,1
"3813.1","Caucasian",34,1,1
"802","Caucasian",34,0,1
"4867.2","African-American",29,1,0
"177","African-American",40,0,0
"4817.1","African-American",20,0,1
"2764.1","African-American",20,0,1
"2341.1","Caucasian",27,1,1
"2333.2","African-American",23,1,1
"141","African-American",55,0,0
"4249","African-American",22,1,1
"3952","Caucasian",30,0,1
"4031","Caucasian",24,1,1
"540","African-American",31,0,0
"1991","African-American",22,1,1
"1848.1","Caucasian",28,0,0
"3996.1","Caucasian",22,0,1
"2679","Caucasian",20,1,1
"4908","African-American",28,1,0
"3021.2","Caucasian",25,0,1
"543","Caucasian",40,0,0
"1041.1","African-American",31,1,1
"4755","Caucasian",29,1,1
"1685","African-American",47,1,0
"1512.1","African-American",59,1,0
"633","African-American",20,0,0
"693","African-American",23,1,1
"4173.1","Caucasian",25,1,1
"1301","Caucasian",65,1,0
"4689.1","Caucasian",28,0,1
"3764.1","African-American",23,1,1
"2250","Caucasian",30,1,0
"671","African-American",26,1,1
"1464","Caucasian",22,1,0
"4","Caucasian",41,1,0
"3212","Caucasian",28,1,1
"2573","African-American",39,1,0
"2334.1","African-American",26,1,1
"208.1","African-American",43,1,0
"1884.2","Caucasian",26,1,1
"4118","Caucasian",33,1,0
"273.1","African-American",66,1,0
"2634","African-American",27,1,1
"3128","African-American",24,1,1
"4044.1","African-American",20,0,0
"4459","Caucasian",30,1,0
"4976","African-American",21,0,1
"1039.1","African-American",33,0,0
"880.3","African-American",25,0,0
"301.1","African-American",41,1,0
"1669.1","African-American",31,1,0
"1264","Caucasian",43,1,0
"819","Caucasian",45,0,0
"1886","Caucasian",22,1,1
"103","African-American",24,1,1
"3597.2","Caucasian",20,0,1
"3779","African-American",23,1,1
"2589","African-American",30,1,0
"2395","Caucasian",24,1,1
"4059","Caucasian",64,1,0
"1533","African-American",32,1,1
"4512.2","African-American",28,1,0
"886","Caucasian",28,0,0
"551","African-American",28,1,1
"4602","African-American",21,1,1
"315.1","Caucasian",21,0,1
"3952.1","Caucasian",30,0,1
"337.1","African-American",23,0,0
"2020","African-American",37,1,0
"3715.1","Caucasian",22,0,1
"4564","African-American",22,0,1
"2439.1","African-American",42,0,1
"1932","African-American",23,1,1
"1370","Caucasian",40,1,1
"4297","African-American",31,1,1
"2112.1","Caucasian",22,0,1
"1438","Caucasian",26,0,1
"3019","Caucasian",37,1,1
"3549","Caucasian",31,0,0
"4590.2","Caucasian",26,1,0
"4556","African-American",30,1,1
"4057.1","Caucasian",35,1,0
"4352.1","Caucasian",21,0,1
"2516.1","African-American",32,1,1
"2167.1","African-American",23,0,1
"1941","Caucasian",53,0,0
"15","African-American",23,1,1
"3661","Caucasian",27,1,0
"1613","Caucasian",30,1,0
"822.1","African-American",24,0,1
"1596","Caucasian",45,1,1
"4707","African-American",20,0,1
"2043.2","Caucasian",28,0,1
"3739.1","Caucasian",27,1,1
"369","African-American",26,1,0
"2781","Caucasian",78,1,0
"2617","African-American",42,1,0
"2466.1","African-American",28,1,1
"3473.1","Caucasian",22,1,1
"4536.1","African-American",50,1,0
"3","African-American",26,1,1
"4777","African-American",28,1,0
"3260","African-American",44,1,0
"781.1","African-American",24,0,1
"2927","African-American",41,1,1
"4583.1","African-American",28,1,1
"3014","African-American",35,1,0
"70","Caucasian",20,0,1
"636.1","Caucasian",24,1,1
"354.2","Caucasian",28,1,1
"1543.1","Caucasian",26,1,1
"69","Caucasian",26,1,1
"3114.1","African-American",26,1,1
"4476.1","African-American",24,1,1
"4673","Caucasian",50,0,0
"1637","Caucasian",44,1,0
"3300","Caucasian",70,0,0
"4315.1","Caucasian",26,1,1
"2868","African-American",33,0,1
"3771.1","African-American",27,1,0
"2946","African-American",24,1,0
"2651","Caucasian",24,0,1
"1399","Caucasian",23,1,1
"1693","Caucasian",34,1,0
"3427.1","African-American",27,1,0
"1910.1","African-American",27,1,1
"1458","Caucasian",51,1,0
"4860.3","African-American",43,0,0
"501.1","Caucasian",66,0,0
"3831","African-American",29,1,1
"4273.2","African-American",32,0,0
"485.1","African-American",30,1,0
"2556","Caucasian",26,0,1
"1481","Caucasian",49,1,1
"2713","African-American",23,1,1
"2210.1","African-American",23,1,1
"2665","African-American",20,1,1
"3404.1","Caucasian",42,0,0
"1717.1","African-American",31,1,0
"4923","African-American",36,0,1
"592.1","Caucasian",23,1,1
"4872","African-American",29,1,1
"1938.1","African-American",57,0,0
"1713","African-American",29,0,0
"140.1","Caucasian",58,1,0
"3165","Caucasian",32,0,0
"780","Caucasian",21,0,1
"16.1","African-American",26,0,1
"2043.3","Caucasian",28,0,1
"2175.1","Caucasian",25,1,1
"2299.2","Caucasian",55,1,0
"3704","Caucasian",24,1,1
"299","Caucasian",21,0,1
"659","African-American",35,1,0
"3923","African-American",23,1,0
"3953.2","African-American",35,1,0
"2758","Caucasian",34,1,0
"3122","Caucasian",27,0,1
"2096.2","Caucasian",29,0,1
"2810","African-American",33,1,0
"154","African-American",61,1,0
"1846","African-American",23,1,1
"4628.1","Caucasian",37,1,1
"4697.1","African-American",25,1,1
"4537","Caucasian",43,0,0
"711.1","Caucasian",39,1,0
"2004","African-American",26,1,1
"4290.1","African-American",25,1,1
"3738.1","Caucasian",26,1,1
"140.2","Caucasian",58,1,0
"824.1","African-American",25,0,0
"1955.1","Caucasian",37,0,0
"2316.1","Caucasian",22,1,1
"855.2","Caucasian",35,1,0
"428","Caucasian",27,1,1
"1904.1","Caucasian",26,0,1
"4443.2","Caucasian",41,0,1
"1118","African-American",25,1,1
"4267","African-American",25,1,1
"1234.1","Caucasian",52,1,0
"520","Caucasian",51,0,0
"4953","Caucasian",30,0,1
"4088","Caucasian",24,1,1
"443","Caucasian",31,0,0
"4910","African-American",31,1,0
"3829.1","African-American",52,1,0
"4117.1","African-American",20,1,1
"1640","African-American",21,0,0
"2689","Caucasian",37,0,1
"1017.1","Caucasian",33,0,1
"329","African-American",26,1,1
"4455.2","Caucasian",25,0,1
"3502.1","Caucasian",28,0,0
"4594.1","African-American",22,1,1
"4775.2","Caucasian",46,1,0
"1915","African-American",27,0,0
"1051.1","African-American",52,1,0
"2995.1","Caucasian",29,1,0
"1544","Caucasian",25,1,0
"4323","African-American",24,1,1
"4032.1","Caucasian",25,1,1
"2465","African-American",72,1,0
"3256","Caucasian",25,0,1
"4562","Caucasian",44,1,0
"66","African-American",25,0,1
"1919","Caucasian",24,0,1
"3414","African-American",27,1,0
"2293","African-American",37,1,0
"4260","Caucasian",31,0,0
"4209","African-American",22,1,1
"2575","African-American",31,1,0
"1739","African-American",27,1,1
"2985","African-American",20,0,1
"4848.2","African-American",29,0,0
"1456.1","Caucasian",62,1,0
"4347","African-American",21,1,1
"484","Caucasian",50,0,0
"2484","African-American",36,1,1
"4576","Caucasian",61,1,0
"2276","African-American",19,0,1
"4882.1","Caucasian",45,1,0
"2301","African-American",20,1,1
"3439","Caucasian",22,0,1
"782","Caucasian",32,1,0
"3461","African-American",20,1,1
"1395","Caucasian",27,1,1
"780.1","Caucasian",21,0,1
"1702.2","African-American",23,1,0
"3221","African-American",36,1,1
"2074","Caucasian",58,1,0
"1417","African-American",24,1,0
"1548.1","African-American",25,1,1
"4220.1","African-American",30,1,1
"324","African-American",25,0,1
"2168","African-American",24,1,1
"3049.1","African-American",29,1,0
"297","Caucasian",22,1,1
"4689.2","Caucasian",28,0,1
"1492","Caucasian",26,1,1
"784","African-American",29,0,0
"1097","African-American",20,0,1
"3561","African-American",27,1,1
"1764","Caucasian",26,0,1
"934.1","Caucasian",30,0,0
"11.1","African-American",60,1,1
"2611.1","African-American",49,1,0
"1767.1","Caucasian",36,1,1
"3561.1","African-American",27,1,1
"234","African-American",35,1,0
"2993","African-American",58,1,0
"2964","Caucasian",25,1,1
"4540.1","Caucasian",32,1,0
"1570.1","African-American",23,1,1
"1085.1","Caucasian",42,0,0
"206","Caucasian",41,1,0
"4780","African-American",24,1,0
"1843","Caucasian",28,1,0
"1149","African-American",50,0,0
"2155.1","African-American",53,1,0
"1104.2","African-American",60,1,0
"1805","Caucasian",29,1,1
"3521","African-American",21,1,1
"3447.2","Caucasian",26,0,1
"3480","African-American",24,0,0
"4373","Caucasian",42,0,0
"1128.1","African-American",27,1,1
"686.1","Caucasian",20,1,1
"4787","African-American",31,1,1
"4569","African-American",25,0,1
"4353","African-American",35,1,0
"919","African-American",22,1,1
"4140","African-American",24,1,0
"253.1","Caucasian",57,1,0
"58","Caucasian",35,1,0
"2108","African-American",23,1,1
"3996.2","Caucasian",22,0,1
"1093.2","African-American",47,1,0
"1740","African-American",42,1,0
"1292","African-American",21,0,1
"3277.2","African-American",26,1,1
"414","Caucasian",69,0,0
"1895","Caucasian",25,1,1
"3023","Caucasian",24,1,1
"4694","Caucasian",26,1,1
"4261.2","African-American",21,1,1
"1000","Caucasian",32,1,0
"3170.1","African-American",27,0,0
"2551.1","African-American",26,1,0
"3741.2","Caucasian",35,1,1
"1085.2","Caucasian",42,0,0
"2851.1","Caucasian",31,0,0
"3407","Caucasian",31,1,1
"3022.1","African-American",31,0,0
"4519.1","Caucasian",28,1,1
"3885.1","African-American",24,0,0
"864","African-American",23,1,1
"2956","African-American",44,1,0
"1082.1","Caucasian",45,1,1
"2783","Caucasian",27,1,1
"1497.1","African-American",25,1,1
"3194","Caucasian",27,1,0
"2922.1","Caucasian",65,1,0
"4846.1","Caucasian",24,1,1
"572","African-American",29,0,0
"4883","Caucasian",37,0,0
"3997","Caucasian",41,1,0
"1694.1","African-American",22,0,1
"2087","Caucasian",23,0,1
"4518.1","Caucasian",66,1,0
"313.2","African-American",24,1,1
"4618","African-American",23,1,1
"337.2","African-American",23,0,0
"167.2","African-American",29,1,1
"4301.1","Caucasian",30,0,1
"3338.1","African-American",23,0,1
"2520","Caucasian",55,0,0
"4878","Caucasian",59,0,0
"386.1","Caucasian",19,1,1
"3773","Caucasian",43,1,0
"1220","Caucasian",26,1,1
"199","African-American",21,0,0
"3605","Caucasian",26,0,1
"130.2","Caucasian",23,0,1
"1826","African-American",22,1,0
"2866","Caucasian",26,1,1
"1579.1","Caucasian",20,0,1
"280.1","Caucasian",21,0,0
"89","African-American",23,1,1
"3510.2","African-American",56,1,0
"1762.1","African-American",24,0,1
"4323.1","African-American",24,1,1
"4546.1","Caucasian",41,1,0
"3009","African-American",51,0,0
"4301.2","Caucasian",30,0,1
"3244.1","African-American",31,0,0
"3060","Caucasian",42,1,0
"1184","African-American",26,1,0
"2678","Caucasian",34,1,1
"3484.1","African-American",31,1,0
"2134","African-American",51,1,0
"3482","African-American",42,1,0
"4265.1","Caucasian",24,1,1
"4615.1","Caucasian",50,0,0
"2736","Caucasian",29,1,1
"4318.1","African-American",30,0,1
"4684","Caucasian",20,0,1
"3659","African-American",22,1,1
"1667","Caucasian",27,0,1
"1726.1","Caucasian",32,0,0
"4746","Caucasian",46,1,0
"1585","African-American",32,0,0
"371","Caucasian",46,1,0
"1684","Caucasian",44,0,0
"2351.1","Caucasian",38,0,1
"4241","African-American",20,0,1
"4126.2","Caucasian",28,0,1
"2555","African-American",21,1,1
"2545.2","Caucasian",32,1,0
"1413.1","African-American",19,1,1
"3225","African-American",57,0,0
"4927.1","African-American",19,0,1
"297.1","Caucasian",22,1,1
"926","African-American",26,1,0
"1546","African-American",37,0,0
"449","Caucasian",36,1,1
"1442","Caucasian",20,0,1
"3393","African-American",48,1,0
"4198.1","African-American",33,0,1
"4462","African-American",31,0,0
"4119.1","Caucasian",20,0,1
"4778","Caucasian",22,0,1
"3967","Caucasian",26,1,1
"297.2","Caucasian",22,1,1
"1928.1","Caucasian",26,0,0
"127","African-American",25,1,0
"1256.3","Caucasian",27,0,1
"1895.1","Caucasian",25,1,1
"516","Caucasian",26,1,1
"125","African-American",22,1,1
"4013.1","African-American",29,0,1
"3666","Caucasian",22,0,1
"4695","Caucasian",49,1,0
"214","African-American",38,1,0
"3930","African-American",39,1,0
"3664.3","Caucasian",28,0,1
"1464.1","Caucasian",22,1,0
"4560.1","Caucasian",31,0,0
"1639.3","African-American",23,0,1
"3150.1","Caucasian",26,1,1
"779.1","African-American",24,1,0
"139","African-American",28,1,1
"4913","Caucasian",23,1,1
"2871","African-American",44,1,0
"824.2","African-American",25,0,0
"245.1","Caucasian",51,1,0
"5","African-American",24,1,1
"3373.1","African-American",37,1,0
"3871","African-American",22,1,1
"2859","Caucasian",27,1,1
"3372","Caucasian",36,1,0
"4498","Caucasian",26,0,1
"2154.2","Caucasian",26,1,1
"1398.2","Caucasian",27,0,1
"887.1","African-American",37,0,1
"745","Caucasian",46,1,0
"2882","African-American",25,0,1
"3514","African-American",19,0,1
"1736","African-American",24,1,0
"4554.2","Caucasian",20,0,1
"3260.1","African-American",44,1,0
"3593.2","Caucasian",54,1,0
"899","African-American",32,1,1
"1846.1","African-American",23,1,1
"70.1","Caucasian",20,0,1
"2582.1","Caucasian",57,1,0
"2768","Caucasian",37,1,0
"454","African-American",53,1,0
"1228.1","African-American",26,1,1
"3210","African-American",25,0,0
"3852","Caucasian",38,1,1
"4989.1","African-American",42,0,0
"3633","African-American",38,0,0
"3725","African-American",25,1,1
"2910","African-American",25,1,1
"571.2","Caucasian",22,1,1
"915","Caucasian",20,1,1
"2318","African-American",20,0,1
"895","Caucasian",46,1,0
"1497.2","African-American",25,1,1
"3395","African-American",29,1,0
"1594","African-American",43,1,0
"2940","African-American",19,0,1
"4978.1","African-American",37,1,0
"401","African-American",23,0,1
"1218","Caucasian",49,1,0
"4820.1","Caucasian",29,1,0
"706","Caucasian",34,1,1
"2834.1","African-American",27,1,0
"382.1","African-American",29,1,0
"4586.1","Caucasian",62,0,0
"4281","Caucasian",39,1,0
"379.1","Caucasian",66,1,0
"2544","African-American",37,1,0
"1694.2","African-American",22,0,1
"1781","African-American",30,1,0
"2659","African-American",21,0,0
"2692","African-American",23,1,0
"3671.1","African-American",27,1,1
"1509","Caucasian",24,0,1
"2598.1","African-American",54,0,0
"754","Caucasian",25,1,1
"4361","Caucasian",22,1,1
"1454.1","Caucasian",65,1,0
"1900","Caucasian",35,1,1
"895.1","Caucasian",46,1,0
"3950","Caucasian",24,1,1
"3620","African-American",25,1,1
"374","Caucasian",38,1,1
"698","African-American",24,1,1
"713.1","African-American",24,0,0
"3658","Caucasian",20,0,1
"503.1","African-American",32,1,0
"1695","African-American",41,1,0
"1834","African-American",25,0,0
"1427","African-American",30,1,1
"142.1","Caucasian",32,0,0
"1230.1","African-American",21,0,1
"1907","Caucasian",34,1,1
"1960.2","Caucasian",36,1,0
"1982.1","African-American",31,0,0
"3615.2","African-American",27,1,0
"3559","Caucasian",32,1,0
"1702.3","African-American",23,1,0
"3189.1","Caucasian",63,1,0
"551.1","African-American",28,1,1
"1210.1","Caucasian",30,0,0
"2424.1","Caucasian",26,1,1
"2816","Caucasian",35,0,0
"1727.1","African-American",34,1,0
"3357","African-American",24,0,1
"3231.1","Caucasian",25,1,0
"2408.1","African-American",22,1,1
"4903","African-American",31,1,0
"3891","African-American",31,1,0
"4330","African-American",51,0,0
"4587","African-American",24,0,0
"2010","Caucasian",37,1,0
"2217","African-American",39,1,0
"3263","Caucasian",22,1,1
"4868.2","Caucasian",21,1,0
"2395.1","Caucasian",24,1,1
"1684.1","Caucasian",44,0,0
"3079.1","African-American",31,0,0
"1786","African-American",23,1,1
"3995","Caucasian",57,1,0
"4757","African-American",28,0,1
"1864.4","Caucasian",54,1,0
"676.1","African-American",25,0,1
"3963","Caucasian",45,0,0
"3299.1","Caucasian",76,1,0
"399","Caucasian",39,1,0
"110.1","African-American",28,1,0
"1127","Caucasian",30,1,1
"3831.1","African-American",29,1,1
"852.1","Caucasian",52,1,0
"1252","Caucasian",25,0,1
"3485.1","African-American",46,1,1
"2460.1","Caucasian",45,1,0
"1558","African-American",27,0,0
"2869.2","African-American",22,0,1
"4142.1","African-American",33,0,0
"337.3","African-American",23,0,0
"1487","Caucasian",69,0,0
"1152.1","Caucasian",22,1,1
"3673","Caucasian",22,0,0
"3243","Caucasian",26,0,1
"4882.2","Caucasian",45,1,0
"4535","African-American",49,1,0
"2101","Caucasian",27,1,1
"2219.2","African-American",28,1,1
"1459.1","Caucasian",31,1,0
"2457","African-American",29,1,0
"3201.1","Caucasian",22,1,1
"4518.2","Caucasian",66,1,0
"1837.1","Caucasian",29,1,0
"1386","African-American",21,1,1
"2427","African-American",20,0,1
"4878.1","Caucasian",59,0,0
"353","Caucasian",39,1,0
"1100","Caucasian",26,1,1
"121.1","Caucasian",36,1,1
"3948","African-American",49,1,0
"4942","African-American",36,1,0
"4456.1","African-American",23,1,1
"281.2","African-American",30,1,0
"1308.1","African-American",28,1,0
"1251","Caucasian",21,0,1
"1983.1","Caucasian",23,1,0
"3145.1","African-American",45,0,0
"2085.1","Caucasian",24,0,1
"4415","African-American",22,1,1
"1209","African-American",50,1,0
"1439","Caucasian",70,0,0
"2541.1","African-American",41,1,0
"66.1","African-American",25,0,1
"2526","African-American",33,0,0
"4982.1","Caucasian",32,1,1
"3894","Caucasian",29,1,1
"94","African-American",34,1,0
"620.1","African-American",28,1,1
"2889.1","African-American",34,1,0
"1880.1","Caucasian",42,0,0
"4527","African-American",23,1,1
"2013","Caucasian",46,1,0
"4118.1","Caucasian",33,1,0
"3532","Caucasian",28,1,1
"4492.2","African-American",40,1,0
"4530.1","African-American",21,1,1
"471","Caucasian",42,0,0
"2846.1","Caucasian",31,0,0
"2607.1","Caucasian",20,0,1
"2255.1","African-American",30,1,0
"812.1","Caucasian",67,0,0
"4403.1","Caucasian",21,1,1
"1984","Caucasian",30,1,1
"3558.1","African-American",25,1,1
"4753","African-American",31,1,1
"2425","Caucasian",30,1,1
"4323.2","African-American",24,1,1
"3945","Caucasian",28,0,0
"2613","African-American",31,1,0
"4547","Caucasian",51,0,0
"2051.1","African-American",30,1,0
"4713.1","Caucasian",21,0,1
"2074.1","Caucasian",58,1,0
"977.1","Caucasian",38,1,0
"303","Caucasian",48,1,0
"4357","African-American",67,0,0
"2138","African-American",48,1,0
"4841.1","Caucasian",35,1,0
"4318.2","African-American",30,0,1
"1421","African-American",22,1,1
"1241","Caucasian",29,1,1
"3464","Caucasian",30,1,1
"1902.1","African-American",77,0,0
"3362.1","Caucasian",48,1,0
"215.1","African-American",28,0,0
"1371","Caucasian",23,0,1
"4918","African-American",26,1,1
"4271","African-American",43,0,0
"3491","Caucasian",37,1,0
"1077.3","African-American",24,1,1
"4598","African-American",61,1,0
"3071","Caucasian",24,0,0
"917","Caucasian",36,1,0
"3381","Caucasian",41,1,0
"826","Caucasian",45,0,0
"1951.1","Caucasian",24,1,1
"2351.2","Caucasian",38,0,1
"1258.1","Caucasian",28,1,1
"4779.1","Caucasian",27,0,1
"4027","Caucasian",44,1,0
"4184.1","Caucasian",37,1,0
"3922","Caucasian",37,0,0
"4652.1","Caucasian",21,0,1
"4714","African-American",35,1,0
"3334.1","Caucasian",53,0,0
"1389.3","African-American",30,1,1
"4086","Caucasian",22,1,1
"4513.1","African-American",21,1,1
"3995.1","Caucasian",57,1,0
"3068","African-American",46,1,0
"2351.3","Caucasian",38,0,1
"3586","Caucasian",65,1,0
"4748","African-American",56,1,0
"4932.1","Caucasian",28,1,1
"617","African-American",27,0,0
"3016","Caucasian",50,0,0
"253.2","Caucasian",57,1,0
"813","African-American",33,0,1
"4619.2","Caucasian",21,1,1
"3171","Caucasian",39,1,0
"2113","African-American",30,1,1
"163","African-American",34,1,1
"2987.1","Caucasian",60,0,0
"920","African-American",23,0,1
"3746.1","African-American",26,1,0
"4969.1","African-American",20,1,1
"4889.1","African-American",38,1,0
"4964","African-American",32,1,0
"3445","Caucasian",48,1,0
"2177.3","African-American",43,1,0
"2372.1","African-American",26,1,1
"332","African-American",21,1,1
"4731","African-American",32,1,1
"453","African-American",22,0,1
"4583.2","African-American",28,1,1
"4874.1","African-American",39,0,0
"433.1","Caucasian",32,1,1
"3936.3","Caucasian",31,1,1
"4317","African-American",63,0,0
"2895.1","Caucasian",30,1,1
"2060","African-American",21,0,1
"3950.1","Caucasian",24,1,1
"3767.1","African-American",28,1,1
"280.2","Caucasian",21,0,0
"4218","African-American",35,1,1
"4633.2","Caucasian",30,1,0
"3291.1","African-American",21,0,0
"3921.1","African-American",30,1,0
"2957","Caucasian",24,1,1
"2736.1","Caucasian",29,1,1
"3868","African-American",29,0,0
"887.2","African-American",37,0,1
"1364.1","Caucasian",38,0,0
"2385","Caucasian",58,1,0
"4571.1","Caucasian",44,0,0
"2182.2","Caucasian",31,0,1
"196","African-American",27,1,1
"3989.2","Caucasian",24,0,1
"2799","Caucasian",21,0,1
"1080","African-American",31,1,0
"4393","African-American",24,1,1
"4937","African-American",22,0,1
"4331","Caucasian",22,1,0
"4131","Caucasian",21,1,1
"1606.2","African-American",25,1,1
"2712","Caucasian",21,1,1
"3476","African-American",28,1,0
"2516.2","African-American",32,1,1
"4824.1","Caucasian",31,0,0
"1035.2","African-American",32,1,0
"1622","African-American",25,0,1
"4920","Caucasian",24,1,1
"4129.1","African-American",32,0,1
"2458","African-American",41,1,1
"1286","African-American",27,1,0
"199.1","African-American",21,0,0
"4508","Caucasian",34,1,1
"1108","Caucasian",27,1,0
"4442","African-American",24,1,0
"4780.1","African-American",24,1,0
"1606.3","African-American",25,1,1
"1191","African-American",28,1,0
"2507.1","African-American",23,0,1
"3147","Caucasian",21,1,1
"2619","African-American",63,1,0
"4.1","Caucasian",41,1,0
"4788.1","African-American",27,1,1
"1509.1","Caucasian",24,0,1
"342.1","African-American",37,1,0
"543.1","Caucasian",40,0,0
"2833","Caucasian",57,1,0
"3460","Caucasian",43,1,0
"581","African-American",27,1,0
"411","Caucasian",37,1,0
"4258","Caucasian",49,0,0
"211.1","Caucasian",20,0,1
"1142.1","Caucasian",45,0,0
"70.2","Caucasian",20,0,1
"3343.1","Caucasian",36,0,1
"935","Caucasian",42,1,0
"1965.1","Caucasian",35,1,1
"430.1","African-American",19,0,1
"2943.3","Caucasian",24,1,0
"3870","African-American",42,1,1
"1816.1","Caucasian",19,0,1
"2379","Caucasian",28,1,1
"2480","Caucasian",26,0,1
"2759","African-American",27,1,0
"4415.1","African-American",22,1,1
"1431","Caucasian",25,0,1
"2951.1","African-American",22,0,1
"3643","Caucasian",39,1,0
"771.1","African-American",35,1,0
"2395.2","Caucasian",24,1,1
"2640.1","African-American",28,1,1
"2325.1","African-American",35,1,0
"2464.1","African-American",24,1,1
"4158","Caucasian",30,1,1
"4311.1","Caucasian",29,1,1
"3705","African-American",24,0,1
"2412.1","Caucasian",27,1,1
"2708","Caucasian",55,1,0
"1588.1","Caucasian",64,0,0
"765","African-American",42,1,0
"3112","African-American",54,1,0
"1000.1","Caucasian",32,1,0
"3732","Caucasian",28,1,0
"125.1","African-American",22,1,1
"1150","African-American",37,0,0
"3209.1","Caucasian",22,1,1
"4181","Caucasian",71,1,0
"4401.2","African-American",50,0,0
"3925","African-American",26,1,1
"845","Caucasian",20,1,1
"1362.1","African-American",28,1,0
"1067","African-American",22,1,1
"2630.3","Caucasian",48,1,0
"1821.2","Caucasian",65,1,0
"3030","African-American",46,1,0
"2256.1","African-American",64,1,0
"4988.1","Caucasian",55,1,0
"3965","African-American",39,1,0
"737","Caucasian",28,0,0
"2870","Caucasian",25,1,1
"1188","Caucasian",23,1,1
"3823","Caucasian",27,1,1
"4758","African-American",34,1,0
"2626","African-American",30,1,0
"2433.1","African-American",21,1,1
"368","Caucasian",33,1,1
"2348","African-American",27,1,1
"4648.1","Caucasian",20,0,1
"3481","Caucasian",27,1,1
"3564.1","African-American",26,0,1
"4456.2","African-American",23,1,1
"943","Caucasian",46,1,0
"2633.1","African-American",60,0,0
"935.1","Caucasian",42,1,0
"1371.1","Caucasian",23,0,1
"2821.1","African-American",24,0,0
"1595.1","Caucasian",38,1,0
"2233.2","African-American",43,1,0
"2008","African-American",34,0,0
"3273","African-American",25,0,1
"4622","Caucasian",25,1,0
"4165.1","Caucasian",49,1,0
"994","Caucasian",26,0,0
"4637.1","Caucasian",28,1,0
"659.1","African-American",35,1,0
"4199","Caucasian",26,0,0
"824.3","African-American",25,0,0
"575.1","African-American",50,1,0
"4430","African-American",27,1,0
"4391","Caucasian",54,0,0
"1564","Caucasian",20,0,1
"1220.1","Caucasian",26,1,1
"4937.1","African-American",22,0,1
"236","African-American",26,0,1
"3181","Caucasian",28,1,0
"4502","African-American",23,0,1
"565","Caucasian",21,1,1
"994.1","Caucasian",26,0,0
"323","Caucasian",28,1,1
"1446","Caucasian",25,1,1
"4058.1","African-American",55,1,0
"2775","African-American",20,0,1
"3196.1","Caucasian",27,0,0
"992.1","Caucasian",46,1,0
"2301.1","African-American",20,1,1
"2173.1","African-American",26,1,0
"1706","African-American",25,0,1
"867.1","Caucasian",22,0,1
"1343","Caucasian",60,1,0
"2714.1","African-American",34,1,1
"2574","African-American",36,1,1
"2886","African-American",35,1,0
"3214.1","African-American",19,0,0
"2942","African-American",25,1,1
"4117.2","African-American",20,1,1
"4708","African-American",26,1,1
"508","African-American",28,1,1
"353.1","Caucasian",39,1,0
"4911","Caucasian",29,0,1
"535.2","Caucasian",34,1,1
"864.1","African-American",23,1,1
"2589.1","African-American",30,1,0
"4096","African-American",24,0,1
"3055","African-American",26,1,1
"1264.1","Caucasian",43,1,0
"1709","African-American",58,0,0
"2414.2","Caucasian",28,1,1
"582","African-American",29,1,1
"3889","Caucasian",46,1,0
"1651.1","Caucasian",32,1,0
"3900.1","African-American",29,1,0
"4988.2","Caucasian",55,1,0
"857","African-American",46,1,0
"4078","Caucasian",60,1,0
"4283","African-American",34,0,0
"4046","Caucasian",22,0,1
"3050.1","African-American",21,0,1
"1844.1","African-American",25,1,1
"2689.1","Caucasian",37,0,1
"4397.1","Caucasian",23,1,1
"3093","Caucasian",31,0,0
"2245","African-American",20,0,1
"4967","Caucasian",31,0,1
"3234.2","Caucasian",47,0,0
"4059.1","Caucasian",64,1,0
"2138.1","African-American",48,1,0
"2631","African-American",34,1,0
"4356","Caucasian",21,1,1
"1505.1","African-American",27,1,1
"4878.2","Caucasian",59,0,0
"1560.1","Caucasian",56,1,0
"4177.2","African-American",31,1,1
"1715","African-American",29,1,0
"784.1","African-American",29,0,0
"1027","African-American",33,0,0
"3223.1","Caucasian",29,0,1
"971","African-American",39,1,0
"4052.2","Caucasian",62,1,0
"1989","Caucasian",24,1,1
"392.1","Caucasian",26,0,1
"1989.1","Caucasian",24,1,1
"1409","African-American",25,1,1
"2387","Caucasian",28,1,1
"4302.1","Caucasian",40,1,1
"2906","Caucasian",41,1,0
"3106.1","Caucasian",30,1,1
"4400.1","African-American",46,0,0
"2452.2","Caucasian",34,0,0
"4646","African-American",20,0,1
"1333.2","Caucasian",28,1,1
"1982.2","African-American",31,0,0
"4593","African-American",20,1,1
"4095.2","African-American",31,1,1
"1835","Caucasian",56,1,0
"3082","Caucasian",61,0,0
"482","African-American",29,0,0
"1109.1","African-American",31,1,1
"3042.1","Caucasian",23,1,1
"933","African-American",22,0,1
"66.2","African-American",25,0,1
"3993","Caucasian",28,1,1
"4568.2","African-American",20,0,1
"4536.2","African-American",50,1,0
"2236","Caucasian",22,1,1
"2970","Caucasian",29,1,1
"1112.3","Caucasian",54,0,0
"4303.1","African-American",23,0,1
"3223.2","Caucasian",29,0,1
"3377","Caucasian",29,1,1
"646.1","Caucasian",21,0,1
"1713.1","African-American",29,0,0
"151","African-American",21,0,1
"4985.2","Caucasian",54,0,0
"4350","African-American",44,1,0
"4268","African-American",30,1,0
"2203","Caucasian",38,1,0
"73.1","African-American",28,1,1
"353.2","Caucasian",39,1,0
"2578.2","African-American",63,1,0
"399.1","Caucasian",39,1,0
"782.1","Caucasian",32,1,0
"1364.2","Caucasian",38,0,0
"2707","Caucasian",47,0,0
"571.3","Caucasian",22,1,1
"3351","African-American",29,1,1
"4178.1","Caucasian",22,1,1
"3685","Caucasian",25,1,0
"2022","African-American",50,0,0
"1652","Caucasian",36,0,0
"3013.1","African-American",48,1,0
"2965","Caucasian",43,1,0
"2253","African-American",43,1,0
"2006","Caucasian",30,1,1
"3181.1","Caucasian",28,1,0
"2137.1","African-American",28,1,0
"803","Caucasian",20,1,1
"951","Caucasian",34,1,0
"2606","Caucasian",57,1,0
"151.1","African-American",21,0,1
"2822.1","Caucasian",23,0,1
"3433.1","Caucasian",44,1,0
"2343","African-American",24,1,1
"485.2","African-American",30,1,0
"4490.1","African-American",37,1,0
"4609.1","Caucasian",46,0,0
"386.2","Caucasian",19,1,1
"235","Caucasian",39,0,0
"2085.2","Caucasian",24,0,1
"4440","Caucasian",50,1,0
"1917.1","Caucasian",21,1,1
"2154.3","Caucasian",26,1,1
"3122.1","Caucasian",27,0,1
"2082.2","African-American",35,1,1
"1076.2","African-American",33,1,0
"507.1","Caucasian",22,1,1
"1232.2","Caucasian",29,1,0
"2802.2","African-American",23,1,1
"4785.2","African-American",21,0,1
"3029.1","African-American",32,1,1
"3520","African-American",39,1,0
"3576","African-American",24,1,1
"926.1","African-American",26,1,0
"4455.3","Caucasian",25,0,1
"3342","Caucasian",42,1,0
"3371","Caucasian",27,0,1
"2575.1","African-American",31,1,0
"2734","Caucasian",22,1,1
"239.2","Caucasian",43,0,0
"3389","African-American",25,0,1
"1346.1","Caucasian",27,1,1
"2672","Caucasian",53,1,0
"3102.2","Caucasian",27,0,1
"2555.1","African-American",21,1,1
"169","African-American",24,0,0
"3796","Caucasian",40,0,0
"147.1","African-American",39,1,0
"1691","African-American",30,1,1
"1393.1","African-American",26,1,1
"2959","African-American",34,1,0
"4413.1","Caucasian",37,1,0
"601.2","African-American",20,0,1
"2837.1","Caucasian",25,1,1
"1617.1","Caucasian",33,1,0
"4941","Caucasian",46,0,0
"1697","African-American",24,0,1
"1567.1","African-American",27,1,1
"584","Caucasian",37,1,1
"1303","African-American",27,0,1
"1782","African-American",22,0,1
"3128.1","African-American",24,1,1
"1195","Caucasian",21,0,1
"4667","Caucasian",26,1,1
"4621","Caucasian",48,1,0
"3582","African-American",21,0,1
"3328","Caucasian",32,0,1
"2243","Caucasian",38,1,0
"632","Caucasian",32,1,1
"2538","African-American",27,1,0
"2486.2","Caucasian",56,1,0
"513.1","Caucasian",49,1,0
"3683","African-American",27,1,0
"2927.1","African-American",41,1,1
"4613.1","Caucasian",33,0,1
"2006.1","Caucasian",30,1,1
"2917","Caucasian",24,0,1
"1694.3","African-American",22,0,1
"4228","African-American",31,1,0
"3952.2","Caucasian",30,0,1
"4892","African-American",21,0,1
"2237.1","African-American",27,1,0
"1823","Caucasian",51,0,0
"3308","African-American",29,1,1
"1451","Caucasian",51,1,0
"1285","Caucasian",22,1,1
"1355","African-American",21,1,1
"4829.3","Caucasian",21,1,1
"500","Caucasian",20,1,1
"3597.3","Caucasian",20,0,1
"3781.1","Caucasian",22,1,1
"3712.1","Caucasian",22,0,0
"820.2","African-American",59,1,0
"2976.1","Caucasian",36,1,1
"2588","African-American",20,1,1
"2261","Caucasian",20,0,1
"4488.1","African-American",44,1,0
"2745","Caucasian",40,0,0
"3571.1","Caucasian",21,0,1
"927","African-American",43,1,1
"131","Caucasian",45,1,0
"739","African-American",27,1,1
"1297","Caucasian",53,0,0
"3965.1","African-American",39,1,0
"2131","African-American",22,1,1
"109","African-American",49,1,0
"2057","Caucasian",24,0,0
"3549.1","Caucasian",31,0,0
"4609.2","Caucasian",46,0,0
"109.1","African-American",49,1,0
"1710","African-American",32,0,0
"3876","African-American",27,1,0
"315.2","Caucasian",21,0,1
"3060.1","Caucasian",42,1,0
"2929.1","African-American",26,1,1
"1525.1","Caucasian",25,1,0
"2095.1","African-American",21,1,0
"4960.2","African-American",23,0,1
"2925","African-American",23,1,1
"3499","African-American",47,1,0
"4505","Caucasian",41,1,0
"285.2","Caucasian",52,0,0
"1910.2","African-American",27,1,1
"4475.1","Caucasian",31,1,0
"1750","Caucasian",43,1,0
"4727.2","Caucasian",22,0,1
"1204.1","Caucasian",31,1,1
"4023.3","African-American",36,1,0
"827.3","African-American",21,1,0
"559","Caucasian",43,1,0
"4677.2","Caucasian",22,1,1
"3489","African-American",39,1,1
"1592.1","African-American",24,1,1
"3506","African-American",53,1,0
"3518","Caucasian",44,0,0
"3688.1","African-American",30,0,0
"4551.1","African-American",40,1,1
"4472","Caucasian",39,1,0
"2449","Caucasian",29,1,1
"2704","Caucasian",33,1,0
"4949.1","Caucasian",30,0,0
"542.1","Caucasian",59,1,0
"4314.2","African-American",27,1,1
"1788","Caucasian",32,1,1
"3114.2","African-American",26,1,1
"1155","African-American",39,1,1
"4131.1","Caucasian",21,1,1
"3258","African-American",31,1,0
"1966","Caucasian",31,1,1
"366.1","African-American",25,1,1
"2301.2","African-American",20,1,1
"3524","African-American",21,0,0
"606","Caucasian",35,1,0
"2174","African-American",41,1,0
"4095.3","African-American",31,1,1
"4325","Caucasian",45,0,0
"3988","African-American",43,1,0
"2892.1","Caucasian",35,1,0
"793.3","Caucasian",24,1,1
"4671","Caucasian",27,0,0
"1687.1","Caucasian",34,1,0
"2157","Caucasian",23,0,1
"3241","Caucasian",21,0,1
"2798.2","Caucasian",27,1,0
"4172","Caucasian",25,1,1
"2549.1","African-American",23,1,0
"1665.1","African-American",29,1,1
"1149.1","African-American",50,0,0
"4836","Caucasian",25,1,1
"1360","African-American",27,1,1
"3553","African-American",19,0,1
"677","African-American",54,1,0
"3333","African-American",33,0,1
"2619.1","African-American",63,1,0
"4935","African-American",27,1,0
"3620.1","African-American",25,1,1
"427","African-American",43,1,0
"759.1","African-American",21,0,1
"1276.1","African-American",41,1,0
"2509","Caucasian",59,0,0
"1589","Caucasian",26,1,1
"4469","African-American",27,0,0
"1227","Caucasian",36,1,0
"172","African-American",31,1,0
"589","African-American",25,1,1
"1957.1","African-American",22,0,1
"172.1","African-American",31,1,0
"3816.2","Caucasian",37,0,0
"2573.1","African-American",39,1,0
"4900","African-American",25,0,1
"2372.2","African-American",26,1,1
"2366","Caucasian",25,0,0
"3207","Caucasian",27,1,0
"2828.1","African-American",34,1,0
"1350.1","Caucasian",42,0,0
"1297.1","Caucasian",53,0,0
"1709.1","African-American",58,0,0
"903","Caucasian",59,0,0
"1032","Caucasian",29,0,1
"610.2","African-American",21,0,1
"2483","African-American",33,1,0
"2224","African-American",22,1,0
"2649.1","Caucasian",28,1,1
"4892.1","African-American",21,0,1
"4771","African-American",20,0,0
"2565","Caucasian",30,1,1
"2184.1","Caucasian",24,0,1
"734.1","African-American",30,1,1
"4571.2","Caucasian",44,0,0
"3670.1","Caucasian",24,1,1
"4515","Caucasian",22,0,0
"4339","Caucasian",20,1,1
"2576.1","African-American",20,0,1
"2842","Caucasian",25,0,1
"3348","Caucasian",30,1,0
"954.1","Caucasian",39,1,0
"2733","African-American",34,1,0
"1109.2","African-American",31,1,1
"3345.1","Caucasian",30,0,1
"3495.3","Caucasian",52,0,0
"1981","Caucasian",33,0,0
"4447.1","African-American",58,0,0
"4788.2","African-American",27,1,1
"1389.4","African-American",30,1,1
"1388","African-American",41,1,0
"1584","Caucasian",30,1,1
"4757.1","African-American",28,0,1
"1057.1","African-American",23,1,1
"2415.2","Caucasian",41,0,0
"4468.1","Caucasian",20,0,1
"3160.1","African-American",32,1,0
"4210","Caucasian",53,1,0
"3231.2","Caucasian",25,1,0
"3839.2","Caucasian",24,1,1
"1780.1","Caucasian",23,1,1
"2702.1","Caucasian",21,0,1
"1271.2","Caucasian",21,1,1
"4380","Caucasian",27,0,1
"3853","African-American",21,1,1
"620.2","African-American",28,1,1
"2079.1","Caucasian",45,1,0
"3882","Caucasian",26,0,1
"955","African-American",27,1,1
"4818.1","Caucasian",59,0,0
"3928.1","Caucasian",28,0,1
"4532","African-American",40,1,0
"314.1","Caucasian",24,1,1
"4834","Caucasian",28,0,1
"934.2","Caucasian",30,0,0
"4758.1","African-American",34,1,0
"3729.1","Caucasian",28,0,1
"1153","African-American",36,0,0
"4648.2","Caucasian",20,0,1
"2892.2","Caucasian",35,1,0
"4839","Caucasian",34,1,1
"2690","Caucasian",60,1,0
"2186.2","Caucasian",34,1,1
"498","African-American",43,1,0
"964.1","African-American",34,0,0
"2914","Caucasian",27,0,1
"320","Caucasian",56,1,0
"2669","Caucasian",20,0,1
"3306.2","Caucasian",28,0,0
"1187","Caucasian",23,1,1
"191.1","African-American",24,0,0
"2812","Caucasian",65,0,0
"2155.2","African-American",53,1,0
"4067","African-American",28,1,1
"3916","Caucasian",24,0,1
"2764.2","African-American",20,0,1
"4412.2","African-American",29,0,0
"1976","African-American",20,0,1
"770","African-American",36,1,0
"1282","Caucasian",23,1,1
"425","African-American",28,0,1
"2832.1","Caucasian",24,1,1
"4589.1","Caucasian",34,1,0
"1878","Caucasian",22,1,1
"640.1","African-American",34,1,1
"3198.1","African-American",24,1,1
"2832.2","Caucasian",24,1,1
"138.1","Caucasian",52,0,0
"1773.1","Caucasian",22,1,1
"2032.2","African-American",28,1,1
"4885","Caucasian",61,0,0
"1168","African-American",27,1,1
"4661","Caucasian",53,0,0
"2051.2","African-American",30,1,0
"2869.3","African-American",22,0,1
"987","African-American",24,1,1
"2317","Caucasian",23,1,1
"530.1","Caucasian",40,0,0
"1859","Caucasian",45,1,0
"4927.2","African-American",19,0,1
"2791","Caucasian",29,0,1
"12","African-American",48,0,0
"4289","African-American",45,0,0
"4158.1","Caucasian",30,1,1
"2981","Caucasian",24,0,1
"3367","Caucasian",19,0,1
"4436.2","Caucasian",53,1,0
"2646.3","Caucasian",52,0,0
"1329","Caucasian",25,0,1
"2457.1","African-American",29,1,0
"338.1","African-American",31,1,0
"1134.1","Caucasian",21,0,1
"1369.2","African-American",25,1,1
"3920","Caucasian",32,1,1
"786","Caucasian",33,1,1
"3439.1","Caucasian",22,0,1
"245.2","Caucasian",51,1,0
"4284.1","Caucasian",21,0,1
"960","Caucasian",30,1,1
"3691.1","African-American",33,1,0
"1783","Caucasian",24,1,0
"3657.2","Caucasian",24,1,1
"4675.1","Caucasian",38,1,1
"1712","Caucasian",39,1,1
"3028","African-American",32,1,1
"3226","Caucasian",32,0,0
"2293.1","African-American",37,1,0
"2405.3","African-American",26,1,0
"607.3","Caucasian",32,0,0
"1060.1","Caucasian",30,1,0
"3743.2","African-American",39,1,0
"3432","African-American",23,0,1
"1427.1","African-American",30,1,1
"692","African-American",49,1,0
"4975","Caucasian",25,1,1
"4251","Caucasian",21,0,1
"757.1","Caucasian",20,0,1
"722","African-American",59,1,0
"2016","Caucasian",31,1,1
"1308.2","African-American",28,1,0
"34.1","African-American",45,1,0
"1830.1","Caucasian",31,0,1
"406","Caucasian",46,0,0
"2595.1","African-American",23,0,1
"3830.1","African-American",33,1,0
"1681","African-American",27,0,0
"3748.1","Caucasian",28,0,0
"2910.1","African-American",25,1,1
"1473","African-American",50,1,0
"2730.1","Caucasian",22,0,1
"2830.1","African-American",24,1,1
"238","African-American",42,1,0
"2441","African-American",23,1,1
"387","Caucasian",34,0,0
"894.2","African-American",23,0,1
"3347","Caucasian",23,0,1
"384","Caucasian",27,1,0
"2409.1","Caucasian",45,1,0
"2648","African-American",24,1,1
"1700.1","African-American",40,1,0
"3251.1","African-American",26,1,0
"240.1","Caucasian",21,0,1
"4647","African-American",30,1,0
"1461.1","Caucasian",27,0,0
"3241.1","Caucasian",21,0,1
"3604.2","Caucasian",33,1,1
"1501","Caucasian",20,1,1
"4371.1","African-American",43,1,0
"2038","Caucasian",33,1,0
"2997","Caucasian",21,1,1
"3688.2","African-American",30,0,0
"2416.1","Caucasian",25,0,1
"3783.1","Caucasian",37,1,0
"4397.2","Caucasian",23,1,1
"1645","African-American",26,1,0
"2810.1","African-American",33,1,0
"4816","Caucasian",38,1,1
"2479.2","African-American",33,1,0
"4145.1","Caucasian",25,1,1
"4231.2","Caucasian",47,1,0
"4384.2","Caucasian",32,0,1
"824.4","African-American",25,0,0
"3849.1","Caucasian",29,1,1
"3625.2","African-American",23,1,1
"4424","African-American",36,1,0
"1213","Caucasian",24,0,1
"4483.1","African-American",53,1,0
"4525","Caucasian",22,1,1
"3125","Caucasian",28,1,0
"456","African-American",27,0,0
"3794","African-American",32,1,0
"2837.2","Caucasian",25,1,1
"3829.2","African-American",52,1,0
"2737.3","African-American",22,1,1
"2206.1","Caucasian",24,0,1
"50.1","African-American",33,1,0
"2007.2","Caucasian",25,0,1
"3618","Caucasian",30,0,0
"545","African-American",25,1,1
"72","African-American",22,1,1
"3012.1","Caucasian",45,0,0
"3521.1","African-American",21,1,1
"2520.1","Caucasian",55,0,0
"1309.1","African-American",22,0,1
"3135.1","Caucasian",25,0,1
"3593.3","Caucasian",54,1,0
"2506.1","Caucasian",22,0,0
"4943.2","African-American",23,0,1
"4728","Caucasian",47,1,0
"4012.1","Caucasian",32,1,1
"1122","African-American",27,1,1
"1802.2","African-American",24,1,1
"2643.2","African-American",29,0,1
"4976.1","African-American",21,0,1
"3363.2","Caucasian",23,1,1
"4714.1","African-American",35,1,0
"1682","African-American",20,1,1
"2183","African-American",20,0,1
"1652.1","Caucasian",36,0,0
"638","Caucasian",47,0,0
"495","Caucasian",22,1,0
"1276.2","African-American",41,1,0
"3727.1","Caucasian",37,1,1
"4952","Caucasian",30,1,1
"1948","Caucasian",39,0,0
"4032.2","Caucasian",25,1,1
"510.1","African-American",30,1,1
"758","African-American",30,1,0
"1590","Caucasian",54,1,0
"3847.1","African-American",23,1,1
"2750.1","Caucasian",22,0,0
"3085","Caucasian",37,1,1
"4225","African-American",33,0,1
"3443","Caucasian",27,1,1
"1884.3","Caucasian",26,1,1
"1201","African-American",21,0,0
"4488.2","African-American",44,1,0
"237.1","African-American",21,0,1
"697.1","Caucasian",27,1,0
"655","African-American",26,1,1
"1641","Caucasian",30,0,0
"4570.2","Caucasian",29,0,0
"2996.1","Caucasian",21,1,1
"4089","Caucasian",25,0,1
"2572","Caucasian",46,1,0
"1716","Caucasian",39,0,0
"322","Caucasian",20,1,1
"2064","Caucasian",49,1,0
"3665","Caucasian",22,1,0
"4846.2","Caucasian",24,1,1
"4193.1","Caucasian",23,1,1
"4947","African-American",20,1,1
"3757","African-American",29,1,1
"2669.1","Caucasian",20,0,1
"3847.2","African-American",23,1,1
"3158.1","African-American",25,0,0
"4620","African-American",21,0,1
"3470","Caucasian",29,1,1
"3395.1","African-American",29,1,0
"1637.1","Caucasian",44,1,0
"4721","African-American",19,1,0
"3555.2","African-American",32,0,0
"3673.1","Caucasian",22,0,0
"475.2","African-American",31,1,0
"4510.2","Caucasian",20,0,1
"2826.1","African-American",30,1,0
"64","Caucasian",37,0,0
"4394.1","African-American",30,1,1
"4971","Caucasian",39,1,0
"4085.1","Caucasian",51,0,0
"937.1","African-American",20,1,1
"4552","Caucasian",24,1,0
"535.3","Caucasian",34,1,1
"1390","African-American",47,0,0
"1339","African-American",38,1,0
"666","Caucasian",27,0,0
"4062","African-American",44,0,0
"4671.1","Caucasian",27,0,0
"948","Caucasian",30,1,0
"4784.1","Caucasian",61,0,0
"4766.1","Caucasian",33,0,1
"3416.1","African-American",21,0,1
"4293","Caucasian",35,1,0
"2192","African-American",36,1,0
"2837.3","Caucasian",25,1,1
"1414","Caucasian",19,1,1
"3216.1","Caucasian",28,1,1
"2576.2","African-American",20,0,1
"3768.3","African-American",22,1,1
"3272.1","African-American",44,1,0
"3930.1","African-American",39,1,0
"2900","Caucasian",64,0,0
"4087","Caucasian",24,1,1
"1669.2","African-American",31,1,0
"157","Caucasian",40,1,0
"585","African-American",46,1,0
"2143.1","Caucasian",28,0,0
"2973","African-American",22,0,1
"928.3","African-American",34,0,0
"1641.1","Caucasian",30,0,0
"1357","Caucasian",20,0,0
"2857","Caucasian",44,1,0
"1998.1","Caucasian",44,0,0
"851.2","African-American",26,1,1
"3817","African-American",23,1,0
"4717","Caucasian",24,0,1
"1378","Caucasian",23,0,1
"737.1","Caucasian",28,0,0
"463","Caucasian",26,0,1
"3827.1","Caucasian",44,0,0
"865","African-American",22,1,0
"1089","Caucasian",22,0,1
"4009","Caucasian",21,1,1
"2023.1","Caucasian",31,1,0
"2569","African-American",41,1,0
"2358","African-American",35,1,0
"713.2","African-American",24,0,0
"820.3","African-American",59,1,0
"2177.4","African-American",43,1,0
"4265.2","Caucasian",24,1,1
"4986.1","African-American",37,1,0
"3515","African-American",20,1,1
"3714","African-American",22,1,1
"1923.1","Caucasian",50,1,0
"3044","Caucasian",26,1,1
"1525.2","Caucasian",25,1,0
"2527","Caucasian",25,0,1
"2361.3","Caucasian",37,1,1
"1174.1","Caucasian",21,1,1
"4020.1","Caucasian",40,1,0
"4595","African-American",26,1,0
"1169.2","African-American",24,0,1
"2625.2","Caucasian",26,0,1
"4189.1","African-American",27,1,1
"2394","Caucasian",29,1,0
"161.1","Caucasian",26,1,1
"3962.1","Caucasian",44,1,0
"3216.2","Caucasian",28,1,1
"3446.1","Caucasian",21,0,1
"3685.1","Caucasian",25,1,0
"2008.1","African-American",34,0,0
"3559.1","Caucasian",32,1,0
"560.1","Caucasian",30,0,1
"522","African-American",31,0,0
"3962.2","Caucasian",44,1,0
"3965.2","African-American",39,1,0
"4613.2","Caucasian",33,0,1
"3946","Caucasian",31,1,1
"3395.2","African-American",29,1,0
"432","African-American",26,0,0
"3701","African-American",24,1,1
"492","Caucasian",22,1,1
"2740.1","Caucasian",23,1,1
"2002","African-American",21,1,1
"1255.1","Caucasian",32,1,0
"2105","African-American",60,1,0
"4457","Caucasian",37,0,0
"698.1","African-American",24,1,1
"2642","African-American",32,1,1
"2710","Caucasian",25,1,1
"3780","African-American",29,0,0
"4449","African-American",27,1,0
"1058","African-American",32,1,1
"3013.2","African-American",48,1,0
"144.1","Caucasian",26,1,1
"2691","Caucasian",24,1,1
"4593.1","African-American",20,1,1
"2262.1","African-American",24,0,1
"3324","African-American",23,1,1
"4497.1","Caucasian",20,1,1
"3350","African-American",35,0,0
"4106","African-American",34,1,0
"4242.1","African-American",59,1,0
"531","Caucasian",43,1,0
"1939","Caucasian",36,0,0
"3955","Caucasian",20,0,1
"1111.1","African-American",46,1,0
"2931.1","Caucasian",29,1,0
"2596.1","Caucasian",43,0,0
"633.1","African-American",20,0,0
"1374.1","African-American",26,0,0
"2706","African-American",33,0,0
"2010.1","Caucasian",37,1,0
"3050.2","African-American",21,0,1
"866.1","Caucasian",24,1,1
"4475.2","Caucasian",31,1,0
"414.1","Caucasian",69,0,0
"2808","African-American",22,1,1
"3455.1","African-American",24,0,1
"1168.1","African-American",27,1,1
"715","African-American",21,1,1
"4056.2","African-American",30,0,0
"3268.2","African-American",50,1,0
"411.1","Caucasian",37,1,0
"2501","African-American",31,1,0
"807.1","African-American",20,1,1
"2174.1","African-American",41,1,0
"1234.2","Caucasian",52,1,0
"1922","African-American",41,1,0
"2698.1","Caucasian",38,0,0
"2550","African-American",47,0,0
"2920.1","African-American",23,0,1
"1227.1","Caucasian",36,1,0
"2079.2","Caucasian",45,1,0
"2500","Caucasian",72,1,0
"4657.2","African-American",24,1,1
"3849.2","Caucasian",29,1,1
"258.1","African-American",22,0,1
"3476.1","African-American",28,1,0
"1145","Caucasian",44,0,0
"96","African-American",22,0,1
"3620.2","African-American",25,1,1
"371.1","Caucasian",46,1,0
"1277","Caucasian",32,1,1
"4078.1","Caucasian",60,1,0
"987.1","African-American",24,1,1
"760","Caucasian",26,1,1
"42.1","Caucasian",23,1,1
"2153.1","African-American",28,0,1
"1940","African-American",25,1,0
"3699","Caucasian",26,0,1
"578","African-American",23,0,0
"2913.1","African-American",27,1,1
"3194.1","Caucasian",27,1,0
"2794","Caucasian",20,1,1
"2353.1","Caucasian",31,1,0
"3480.1","African-American",24,0,0
"2566","African-American",31,1,1
"2729","African-American",23,0,1
"2458.1","African-American",41,1,1
"102","African-American",20,1,1
"2101.1","Caucasian",27,1,1
"2239","African-American",58,1,0
"4131.2","Caucasian",21,1,1
"74","African-American",31,1,1
"3202.2","African-American",22,0,0
"4200.2","Caucasian",26,1,0
"4453.2","African-American",26,1,1
"729","African-American",42,1,0
"1285.1","Caucasian",22,1,1
"3103","Caucasian",23,1,1
"1696.2","African-American",27,1,1
"1709.2","African-American",58,0,0
"4100","Caucasian",39,1,0
"1668.1","African-American",42,0,0
"1378.1","Caucasian",23,0,1
"2350","African-American",51,1,0
"77","African-American",29,0,0
"4077","Caucasian",51,1,0
"1135","Caucasian",26,1,1
"2281","African-American",25,1,1
"3274.1","African-American",32,1,0
"2296.3","African-American",29,1,1
"3127","African-American",21,0,1
"3458","African-American",22,0,1
"2400.2","Caucasian",27,1,1
"1135.1","Caucasian",26,1,1
"2428.1","African-American",40,0,0
"1506","African-American",27,1,0
"4550","Caucasian",25,0,1
"403.1","African-American",42,1,1
"1466.1","Caucasian",23,1,1
"520.1","Caucasian",51,0,0
"2397.1","Caucasian",29,0,1
"3194.2","Caucasian",27,1,0
"2418.1","Caucasian",39,1,0
"10.1","African-American",46,1,0
"1945","Caucasian",38,1,0
"4066","African-American",55,1,0
"1786.1","African-American",23,1,1
"1471","African-American",23,1,1
"1695.1","African-American",41,1,0
"4175.1","African-American",25,0,1
"4710","Caucasian",26,1,1
"4.2","Caucasian",41,1,0
"477","African-American",33,1,0
"2224.1","African-American",22,1,0
"3302","African-American",36,0,1
"4631","African-American",42,1,0
"4761","African-American",30,1,0
"4525.1","Caucasian",22,1,1
"1025.1","African-American",41,1,0
"4553.2","Caucasian",28,1,0
"1338.1","Caucasian",26,0,1
"3375.1","Caucasian",45,1,1
"3906","Caucasian",22,0,1
"3909.1","Caucasian",21,0,1
"3409","Caucasian",38,1,1
"930","Caucasian",23,1,1
"2671.1","African-American",21,0,1
"3687","Caucasian",21,1,1
"1158.2","Caucasian",22,1,1
"1041.2","African-American",31,1,1
"3349","African-American",20,1,1
"31","African-American",25,1,1
"2872.1","African-American",32,1,1
"2970.1","Caucasian",29,1,1
"328.1","Caucasian",27,1,1
"2761","African-American",46,1,1
"1214.1","African-American",23,1,0
"2058.2","Caucasian",23,1,1
"4295","African-American",30,1,0
"2386.1","African-American",22,1,1
"3573.1","African-American",59,1,0
"4102","Caucasian",32,0,1
"2321.1","African-American",28,1,1
"1633","African-American",26,1,1
"4416","Caucasian",36,1,0
"966.1","African-American",24,0,1
"261.1","African-American",43,1,0
"789.1","Caucasian",45,1,0
"1163","Caucasian",23,1,1
"155","Caucasian",43,0,0
"1971","Caucasian",23,1,1
"1387","African-American",30,1,1
"3970.1","African-American",49,1,0
"378","African-American",26,0,0
"1654","African-American",41,0,0
"1605.1","Caucasian",62,0,0
"510.2","African-American",30,1,1
"557.3","African-American",33,1,0
"1589.1","Caucasian",26,1,1
"46.2","Caucasian",22,1,1
"1997","African-American",23,0,0
"1413.2","African-American",19,1,1
"1799","African-American",21,1,1
"2269","African-American",33,1,1
"859.1","African-American",36,0,0
"1025.2","African-American",41,1,0
"4819","African-American",30,1,0
"2231","African-American",28,1,0
"308","African-American",47,1,0
"3604.3","Caucasian",33,1,1
"1587.1","Caucasian",46,1,0
"2592","Caucasian",49,1,0
"3394.1","African-American",25,1,0
"908","Caucasian",43,0,0
"2508","Caucasian",21,1,1
"3406.2","Caucasian",27,0,1
"738","Caucasian",32,0,0
"1481.1","Caucasian",49,1,1
"1328","African-American",23,1,1
"2710.1","Caucasian",25,1,1
"2666","Caucasian",32,1,1
"2196","Caucasian",27,1,1
"4081","Caucasian",46,0,0
"641","African-American",25,0,1
"4042","African-American",42,1,0
"2765","African-American",20,0,0
"3724","Caucasian",25,0,1
"1584.1","Caucasian",30,1,1
"3117","African-American",23,1,1
"2375","Caucasian",31,1,0
"1848.2","Caucasian",28,0,0
"169.1","African-American",24,0,0
"1832.1","Caucasian",27,1,1
"3130.2","Caucasian",29,1,1
"3511","Caucasian",52,1,0
"4229.2","African-American",21,0,1
"2320.1","African-American",22,1,1
"1211","Caucasian",21,1,1
"4656.1","African-American",41,1,0
"3471","African-American",31,1,1
"3308.1","African-American",29,1,1
"4562.1","Caucasian",44,1,0
"3101","African-American",45,0,0
"1866.1","African-American",38,1,0
"1998.2","Caucasian",44,0,0
"831.3","African-American",30,1,0
"4226","African-American",32,0,0
"1806","African-American",59,0,0
"3743.3","African-American",39,1,0
"1563","Caucasian",39,1,0
"1751","Caucasian",59,1,0
"2461.2","African-American",24,1,0
"2820","African-American",32,1,0
"3182","Caucasian",36,1,0
"2152","African-American",26,0,0
"2708.1","Caucasian",55,1,0
"2686","African-American",42,1,0
"3677","African-American",53,1,0
"4392","African-American",48,1,0
"2274","Caucasian",29,1,1
"1834.1","African-American",25,0,0
"2084.1","African-American",36,1,0
"1177","African-American",23,1,1
"195","Caucasian",49,1,0
"1359","African-American",45,1,0
"148","African-American",27,1,0
"2351.4","Caucasian",38,0,1
"1669.3","African-American",31,1,0
"3697.1","Caucasian",59,1,0
"3810","Caucasian",20,1,1
"4275","African-American",23,1,1
"732.1","Caucasian",22,0,1
"3413.1","African-American",38,1,0
"3996.3","Caucasian",22,0,1
"3321.1","Caucasian",22,1,1
"3205","Caucasian",23,0,1
"4775.3","Caucasian",46,1,0
"4878.3","Caucasian",59,0,0
"1214.2","African-American",23,1,0
"52.1","Caucasian",25,1,1
"4333.1","Caucasian",35,0,0
"3134.1","African-American",29,1,0
"4474.1","Caucasian",28,1,1
"3618.1","Caucasian",30,0,0
"281.3","African-American",30,1,0
"4244","African-American",27,0,1
"4723","African-American",30,1,1
"195.1","Caucasian",49,1,0
"1404","African-American",28,1,1
"61","Caucasian",22,1,1
"4159","Caucasian",31,1,1
"4522","African-American",24,1,1
"1779","African-American",23,0,1
"4893","African-American",60,1,0
"3700","Caucasian",43,1,0
"2579","Caucasian",23,0,1
"4639","Caucasian",38,1,1
"2311.1","African-American",30,1,1
"4836.1","Caucasian",25,1,1
"4360","Caucasian",46,0,0
"697.2","Caucasian",27,1,0
"1139.1","African-American",37,1,0
"2679.1","Caucasian",20,1,1
"374.1","Caucasian",38,1,1
"869","Caucasian",22,0,0
"914","African-American",21,0,0
"501.2","Caucasian",66,0,0
"2697.1","Caucasian",28,1,1
"1327","African-American",45,0,0
"4905","Caucasian",34,1,0
"1410","African-American",26,0,1
"1950","Caucasian",24,0,1
"1124.2","Caucasian",21,0,1
"1129","African-American",33,1,1
"3857","African-American",57,1,0
"1942","Caucasian",31,0,1
"3571.2","Caucasian",21,0,1
"2988","Caucasian",22,0,1
"1282.1","Caucasian",23,1,1
"2613.1","African-American",31,1,0
"827.4","African-American",21,1,0
"3776.1","Caucasian",27,1,1
"4284.2","Caucasian",21,0,1
"3149.2","Caucasian",26,0,1
"2260.1","African-American",20,0,1
"3471.1","African-American",31,1,1
"10.2","African-American",46,1,0
"2288","African-American",38,1,1
"3370","Caucasian",40,1,0
"2692.1","African-American",23,1,0
"2155.3","African-American",53,1,0
"2338.1","Caucasian",54,0,0
"4414","African-American",35,1,0
"2125","African-American",39,1,0
"639","Caucasian",50,0,0
"2772","African-American",25,1,1
"1512.2","African-American",59,1,0
"1967","Caucasian",32,0,1
"2826.2","African-American",30,1,0
"2967.1","Caucasian",25,1,1
"4217.1","Caucasian",19,0,1
"1414.1","Caucasian",19,1,1
"3066.2","Caucasian",25,1,1
"2843","Caucasian",33,0,0
"4358","Caucasian",33,0,0
"3408","Caucasian",29,0,0
"241.1","Caucasian",53,1,0
"2316.2","Caucasian",22,1,1
"4911.1","Caucasian",29,0,1
"1639.4","African-American",23,0,1
"3817.1","African-American",23,1,0
"1370.1","Caucasian",40,1,1
"4508.1","Caucasian",34,1,1
"3104.1","African-American",39,1,0
"114","Caucasian",27,0,0
"198.1","African-American",27,0,1
"431.4","African-American",24,1,1
"3883","African-American",25,0,1
"1847.1","Caucasian",26,0,1
"4397.3","Caucasian",23,1,1
"672","African-American",31,1,1
"1011","African-American",21,0,0
"3028.1","African-American",32,1,1
"568.1","Caucasian",51,1,0
"4400.2","African-American",46,0,0
"4404.1","African-American",22,1,1
"3465.3","Caucasian",27,0,0
"2051.3","African-American",30,1,0
"1107.1","Caucasian",23,1,1
"2999","Caucasian",29,1,1
"2670","Caucasian",24,1,1
"328.2","Caucasian",27,1,1
"1501.1","Caucasian",20,1,1
"4696","Caucasian",34,1,0
"1341.1","Caucasian",50,1,0
"365","African-American",30,1,0
"4763","African-American",27,1,1
"655.1","African-American",26,1,1
"4270","African-American",27,1,1
"3345.2","Caucasian",30,0,1
"3082.1","Caucasian",61,0,0
"1095","African-American",58,1,0
"1763.2","African-American",38,1,0
"754.1","Caucasian",25,1,1
"413","Caucasian",49,1,0
"2040.1","African-American",59,1,0
"1416.1","African-American",35,0,0
"3297","Caucasian",28,0,0
"2469.1","Caucasian",40,0,0
"1619","Caucasian",28,1,0
"775.2","African-American",31,1,0
"3155","African-American",25,1,1
"3053.1","African-American",34,1,0
"4572","Caucasian",21,1,1
"2796","African-American",34,1,0
"2846.2","Caucasian",31,0,0
"2985.1","African-American",20,0,1
"571.4","Caucasian",22,1,1
"2906.1","Caucasian",41,1,0
"1732.1","Caucasian",29,0,1
"4780.2","African-American",24,1,0
"4218.1","African-American",35,1,1
"1454.2","Caucasian",65,1,0
"4844.2","African-American",29,1,1
"1019","African-American",37,1,0
"244","African-American",42,1,0
"4317.1","African-American",63,0,0
"3870.1","African-American",42,1,1
"4884","African-American",28,1,1
"3123.1","African-American",52,1,0
"4068","African-American",37,1,0
"1181","African-American",32,0,1
"2550.1","African-American",47,0,0
"3309","African-American",38,0,0
"2517.2","Caucasian",37,1,0
"1519.1","African-American",43,1,0
"4491.1","Caucasian",26,1,1
"58.1","Caucasian",35,1,0
"3076","African-American",29,1,0
"3246.1","Caucasian",48,0,0
"1411","African-American",32,1,0
"4948.2","African-American",39,0,0
"644","African-American",28,1,1
"1332","African-American",21,1,1
"1892","African-American",22,0,1
"3402.2","Caucasian",54,1,0
"2920.2","African-American",23,0,1
"4183","Caucasian",29,1,1
"996","Caucasian",61,0,0
"3212.1","Caucasian",28,1,1
"3919","Caucasian",26,1,1
"4804","Caucasian",46,1,0
"937.2","African-American",20,1,1
"4128","African-American",30,1,1
"4361.1","Caucasian",22,1,1
"1092.1","African-American",20,0,1
"1896.2","Caucasian",25,1,1
"2214","African-American",25,1,1
"1559","African-American",24,0,0
"3317","Caucasian",37,0,0
"2106","African-American",22,0,1
"1272.1","Caucasian",31,0,0
"894.3","African-American",23,0,1
"2022.1","African-American",50,0,0
"3450","Caucasian",27,0,1
"3497","African-American",21,0,1
"1665.2","African-American",29,1,1
"4709.1","Caucasian",35,1,0
"3447.3","Caucasian",26,0,1
"2774","African-American",23,1,0
"3250","African-American",24,1,1
"1965.2","Caucasian",35,1,1
"3247","Caucasian",21,0,1
"2224.2","African-American",22,1,0
"2403","African-American",29,1,0
"3833","African-American",59,1,0
"2257","African-American",56,1,0
"2642.1","African-American",32,1,1
"441","Caucasian",61,0,0
"4297.1","African-American",31,1,1
"2405.4","African-American",26,1,0
"4194.1","African-American",27,1,1
"4964.1","African-American",32,1,0
"3025","African-American",23,0,1
"2103.1","Caucasian",28,1,0
"260.1","African-American",30,1,0
"4914","African-American",26,1,1
"662.1","Caucasian",25,0,1
"1271.3","Caucasian",21,1,1
"2701.1","African-American",52,1,0
"4815.2","African-American",33,0,0
"450.1","African-American",21,0,1
"2103.2","Caucasian",28,1,0
"715.1","African-American",21,1,1
"1446.1","Caucasian",25,1,1
"3239.1","African-American",25,0,1
"4144.1","Caucasian",61,0,0
"239.3","Caucasian",43,0,0
"2140","Caucasian",22,1,1
"2962","Caucasian",22,1,1
"773.1","Caucasian",33,0,0
"2101.2","Caucasian",27,1,1
"1581","Caucasian",26,0,0
"1112.4","Caucasian",54,0,0
"394","African-American",40,1,0
"2366.1","Caucasian",25,0,0
"1695.2","African-American",41,1,0
"4078.2","Caucasian",60,1,0
"3044.1","Caucasian",26,1,1
"3050.3","African-American",21,0,1
"2074.2","Caucasian",58,1,0
"4023.4","African-American",36,1,0
"2051.4","African-American",30,1,0
"4502.1","African-American",23,0,1
"558","African-American",61,1,0
"569.1","African-American",24,0,1
"4751","Caucasian",28,1,1
"1326","African-American",25,1,0
"2543.2","African-American",21,1,0
"2706.1","African-American",33,0,0
"988.1","African-American",23,1,1
"886.1","Caucasian",28,0,0
"3755","Caucasian",28,1,1
"2093","Caucasian",29,1,1
"2117","Caucasian",35,0,0
"3037.1","African-American",40,0,0
"1141.1","Caucasian",32,1,1
"372.1","Caucasian",49,1,0
"3478","Caucasian",26,0,0
"2995.2","Caucasian",29,1,0
"2640.2","African-American",28,1,1
"965.1","Caucasian",50,1,0
"940","Caucasian",22,0,1
"139.1","African-American",28,1,1
"190","Caucasian",26,1,1
"7.1","Caucasian",39,1,0
"1727.2","African-American",34,1,0
"2223.2","Caucasian",26,1,1
"4979","African-American",28,1,0
"4272","Caucasian",31,1,1
"3081","African-American",22,1,1
"3607","Caucasian",49,1,0
"427.1","African-American",43,1,0
"1652.2","Caucasian",36,0,0
"3171.1","Caucasian",39,1,0
"2831","African-American",42,1,1
"1974.1","African-American",36,0,0
"2682","Caucasian",50,1,0
"2807.1","Caucasian",38,1,0
"2559.2","African-American",20,1,1
"1343.1","Caucasian",60,1,0
"1092.2","African-American",20,0,1
"3405.1","Caucasian",28,1,0
"1922.1","African-American",41,1,0
"4403.2","Caucasian",21,1,1
"717.1","Caucasian",45,1,0
"3024.1","Caucasian",39,0,0
"1268","Caucasian",47,1,0
"1761","Caucasian",27,1,1
"2142","Caucasian",26,1,1
"4313.1","African-American",28,1,1
"3685.2","Caucasian",25,1,0
"1473.1","African-American",50,1,0
"2988.1","Caucasian",22,0,1
"4498.1","Caucasian",26,0,1
"4543.1","African-American",33,1,0
"4296","Caucasian",32,1,0
"4976.2","African-American",21,0,1
"2624","African-American",22,0,1
"4620.1","African-American",21,0,1
"1557","Caucasian",24,0,1
"2860.1","African-American",34,1,0
"3109.1","African-American",23,0,1
"641.1","African-American",25,0,1
"2232","Caucasian",62,0,0
"1563.1","Caucasian",39,1,0
"1195.1","Caucasian",21,0,1
"3984.1","African-American",22,1,1
"4615.2","Caucasian",50,0,0
"3405.2","Caucasian",28,1,0
"3688.3","African-American",30,0,0
"2770.2","Caucasian",24,0,1
"2739","Caucasian",25,1,1
"4053","African-American",29,1,1
"2868.1","African-American",33,0,1
"4704.1","Caucasian",20,1,1
"504","African-American",24,1,1
"2583","African-American",37,1,0
"3983","African-American",29,1,0
"1674.1","Caucasian",24,1,1
"918","Caucasian",56,1,0
"1141.2","Caucasian",32,1,1
"3256.1","Caucasian",25,0,1
"1068","African-American",27,1,0
"741","African-American",21,0,1
"2262.2","African-American",24,0,1
"4782","African-American",27,1,0
"3442","Caucasian",30,1,1
"3078.3","Caucasian",29,1,1
"4647.1","African-American",30,1,0
"986.1","African-American",56,1,0
"1964.1","Caucasian",31,1,1
"12.1","African-American",48,0,0
"4561.1","Caucasian",46,1,1
"3864.1","Caucasian",26,1,1
"3780.1","African-American",29,0,0
"3133","Caucasian",48,0,0
"3841","African-American",27,1,1
"2899","Caucasian",26,0,1
"3851","Caucasian",31,1,0
"2646.4","Caucasian",52,0,0
"1850","Caucasian",27,0,0
"4830.1","Caucasian",33,1,1
"1867.1","African-American",38,1,0
"1279","Caucasian",29,0,1
"57.1","Caucasian",44,0,0
"2206.2","Caucasian",24,0,1
"4357.1","African-American",67,0,0
"1542","Caucasian",35,1,1
"1018","Caucasian",42,0,0
"4315.2","Caucasian",26,1,1
"2684","Caucasian",33,0,1
"3793","African-American",59,1,0
"3726.3","African-American",21,0,0
"2406.1","African-American",21,0,1
"4782.1","African-American",27,1,0
"1457","Caucasian",23,1,1
"4713.2","Caucasian",21,0,1
"2880","African-American",31,1,1
"1427.2","African-American",30,1,1
"2599.1","African-American",31,1,1
"4735","African-American",45,1,0
"1236","African-American",23,1,1
"2224.3","African-American",22,1,0
"2041.3","African-American",27,0,1
"2366.2","Caucasian",25,0,0
"1472","African-American",23,0,1
"1711.1","Caucasian",33,1,0
"2462.1","Caucasian",23,1,1
"1554","Caucasian",31,1,0
"4972.2","Caucasian",49,1,0
"800.3","Caucasian",59,0,0
"3652.3","Caucasian",29,1,1
"3827.2","Caucasian",44,0,0
"620.3","African-American",28,1,1
"3960","Caucasian",24,0,1
"2552","African-American",29,0,1
"58.2","Caucasian",35,1,0
"3621","African-American",24,1,1
"3592","African-American",30,1,0
"2300.2","Caucasian",24,0,0
"3076.1","African-American",29,1,0
"3489.1","African-American",39,1,1
"4767","Caucasian",71,0,0
"1576","African-American",27,1,1
"105","African-American",22,1,1
"2059.2","Caucasian",32,1,1
"1267.1","Caucasian",32,0,0
"1757","Caucasian",63,1,0
"271","Caucasian",34,1,1
"2985.2","African-American",20,0,1
"2872.2","African-American",32,1,1
"3569","African-American",35,1,0
"4307","African-American",35,1,0
"4418.1","Caucasian",46,0,0
"3556.1","Caucasian",24,0,1
"3537.1","Caucasian",42,1,0
"2235.1","Caucasian",24,1,1
"3079.2","African-American",31,0,0
"3026.1","African-American",24,1,1
"1812.1","Caucasian",24,0,1
"4971.1","Caucasian",39,1,0
"785.1","Caucasian",29,0,0
"1222","Caucasian",52,1,0
"3151.2","Caucasian",33,1,1
"4590.3","Caucasian",26,1,0
"2776","Caucasian",32,1,0
"3219","African-American",39,1,0
"3839.3","Caucasian",24,1,1
"4580","African-American",62,0,0
"3276","Caucasian",45,1,0
"1267.2","Caucasian",32,0,0
"1195.2","Caucasian",21,0,1
"1681.1","African-American",27,0,0
"4416.1","Caucasian",36,1,0
"4236","Caucasian",41,1,0
"2946.1","African-American",24,1,0
"2330","African-American",29,0,0
"92","African-American",30,0,1
"1728.1","African-American",24,1,1
"72.1","African-American",22,1,1
"2026","African-American",24,1,1
"1607","African-American",34,0,1
"197.1","African-American",42,1,0
"2244","African-American",31,0,0
"3514.1","African-American",19,0,1
"3029.2","African-American",32,1,1
"3257","Caucasian",22,1,1
"2767","African-American",41,0,0
"4596","African-American",46,1,0
"202.1","Caucasian",46,1,0
"1275.1","Caucasian",23,1,1
"3061.1","Caucasian",26,0,1
"209","Caucasian",53,0,0
"1912","African-American",27,1,0
"3298.1","African-American",33,1,0
"3022.2","African-American",31,0,0
"3383","African-American",47,1,0
"1129.1","African-American",33,1,1
"2366.3","Caucasian",25,0,0
"4207.1","Caucasian",21,0,1
"3338.2","African-American",23,0,1
"347.1","African-American",22,1,1
"4129.2","African-American",32,0,1
"2813","African-American",35,0,0
"4426.1","Caucasian",26,0,1
"1153.1","African-American",36,0,0
"2029","African-American",21,1,1
"2323","Caucasian",31,1,1
"1268.1","Caucasian",47,1,0
"3020","African-American",40,0,0
"1294","Caucasian",24,1,1
"1090","Caucasian",27,1,0
"1680","African-American",63,1,0
"1204.2","Caucasian",31,1,1
"4801","African-American",22,0,1
"2269.1","African-American",33,1,1
"3596","African-American",33,1,1
"4127","Caucasian",25,1,1
"3888.1","African-American",24,1,1
"2747.1","Caucasian",58,1,0
"1036","African-American",23,1,1
"4025.1","Caucasian",30,0,0
"3689","Caucasian",21,1,1
"4246.1","African-American",28,1,1
"4883.1","Caucasian",37,0,0
"2145.1","Caucasian",24,1,1
"2700","African-American",23,0,1
"435","Caucasian",31,0,1
"1006.1","African-American",24,1,1
"2362","Caucasian",35,1,0
"627.1","African-American",41,0,0
"4825","Caucasian",24,1,1
"1795.1","Caucasian",54,1,0
"3829.3","African-American",52,1,0
"7.2","Caucasian",39,1,0
"4142.2","African-American",33,0,0
"2757","African-American",22,0,1
"3932","Caucasian",28,1,1
"4063","Caucasian",21,0,1
"3409.1","Caucasian",38,1,1
"3562.2","African-American",26,1,0
"2227","African-American",25,1,1
"4014","African-American",20,0,1
"2069.1","Caucasian",46,0,0
"2761.1","African-American",46,1,1
"3595","Caucasian",25,0,0
"4244.1","African-American",27,0,1
"3801.1","African-American",60,1,0
"505","African-American",27,1,0
"4998","African-American",28,1,0
"4084","Caucasian",26,1,1
"3346","African-American",23,1,1
"4876","African-American",51,1,0
"1314.1","Caucasian",28,1,1
"1520.1","African-American",27,1,0
"213","African-American",36,1,0
"4897.1","Caucasian",56,1,0
"4833.1","Caucasian",20,1,1
"4818.2","Caucasian",59,0,0
"482.1","African-American",29,0,0
"171","Caucasian",24,1,1
"4042.1","African-American",42,1,0
"117.1","Caucasian",30,0,0
"4096.1","African-American",24,0,1
"3923.1","African-American",23,1,0
"1952","Caucasian",56,1,0
"2637","African-American",43,1,0
"561.1","African-American",33,1,0
"444","African-American",26,1,0
"1391","African-American",31,1,0
"251.1","Caucasian",26,0,1
"3890","African-American",31,1,1
"1365","African-American",65,1,0
"1543.2","Caucasian",26,1,1
"1531","Caucasian",19,0,1
"4694.1","Caucasian",26,1,1
"2945","African-American",33,1,0
"4564.1","African-American",22,0,1
"4598.1","African-American",61,1,0
"386.3","Caucasian",19,1,1
"3268.3","African-American",50,1,0
"3437.1","Caucasian",29,1,0
"2872.3","African-American",32,1,1
"277","Caucasian",24,1,1
"1252.1","Caucasian",25,0,1
"3623.1","African-American",23,1,1
"1697.1","African-American",24,0,1
"1775","African-American",28,1,1
"25","Caucasian",34,0,1
"1586.1","Caucasian",32,1,1
"3412","Caucasian",26,1,1
"1726.2","Caucasian",32,0,0
"4105","African-American",26,1,1
"4083","African-American",33,0,0
"355.2","Caucasian",21,0,0
"404","African-American",36,1,1
"1648.1","Caucasian",27,1,1
"2072","Caucasian",23,0,1
"1910.3","African-American",27,1,1
"1427.3","African-American",30,1,1
"4266","African-American",24,0,0
"2728","African-American",23,1,0
"1000.2","Caucasian",32,1,0
"143.1","Caucasian",28,0,1
"364","African-American",30,1,1
"4864","African-American",55,1,0
"4467","African-American",51,1,0
"2584","African-American",34,0,0
"1522","Caucasian",25,1,1
"2377","Caucasian",36,1,0
"1531.1","Caucasian",19,0,1
"3464.1","Caucasian",30,1,1
"1354","African-American",23,0,0
"3275","African-American",45,0,0
"4791.2","African-American",20,0,1
"1660.1","African-American",42,0,0
"2040.2","African-American",59,1,0
"347.2","African-American",22,1,1
"213.1","African-American",36,1,0
"3479","Caucasian",25,1,1
"4402.2","Caucasian",22,0,1
"2609.2","Caucasian",38,1,0
"1036.1","African-American",23,1,1
"3905","African-American",25,1,1
"4612","Caucasian",32,0,0
"1787","Caucasian",29,0,1
"604","Caucasian",37,1,0
"1259.1","Caucasian",54,1,0
"3050.4","African-American",21,0,1
"3004.1","Caucasian",26,0,1
"650.1","African-American",25,0,1
"3767.2","African-American",28,1,1
"2767.1","African-American",41,0,0
"166","African-American",26,1,1
"1136.2","African-American",23,1,1
"580","African-American",34,1,0
"1501.2","Caucasian",20,1,1
"4417","Caucasian",24,0,1
"398","Caucasian",31,1,1
"3575","African-American",50,1,0
"4003.1","African-American",27,1,0
"4441.4","Caucasian",25,1,1
"2414.3","Caucasian",28,1,1
"3627","African-American",43,1,0
"3835","Caucasian",26,1,1
"1402","Caucasian",25,0,0
"770.1","African-American",36,1,0
"625","African-American",19,0,1
"2673.1","Caucasian",37,0,0
"412","Caucasian",33,1,1
"403.2","African-American",42,1,1
"769","Caucasian",31,0,0
"4672","Caucasian",26,1,1
"3915.2","African-American",21,1,1
"1051.2","African-American",52,1,0
"3731.1","African-American",28,1,0
"3547","African-American",20,1,1
"993","African-American",29,1,1
"4670","Caucasian",22,1,1
"1771.2","Caucasian",34,1,1
"1435.2","Caucasian",36,0,0
"4275.1","African-American",23,1,1
"2991.1","Caucasian",31,1,1
"3886.1","African-American",31,0,0
"2299.3","Caucasian",55,1,0
"2420.1","Caucasian",32,0,0
"2867.1","African-American",24,1,1
"1785.1","African-American",20,0,1
"4133.1","African-American",20,0,1
"4107","Caucasian",21,0,1
"4476.2","African-American",24,1,1
"2205","Caucasian",65,1,0
"3196.2","Caucasian",27,0,0
"3228.1","Caucasian",32,0,1
"610.3","African-American",21,0,1
"4428","African-American",60,0,0
"3301","Caucasian",20,0,1
"4744","Caucasian",36,1,0
"653","Caucasian",19,0,1
"2435.2","Caucasian",29,1,0
"4806","Caucasian",25,0,1
"1015.1","Caucasian",25,0,0
"4148","African-American",25,0,1
"4360.1","Caucasian",46,0,0
"2394.1","Caucasian",29,1,0
"3016.1","Caucasian",50,0,0
"1334.2","African-American",35,1,0
"2305","African-American",37,1,0
"2415.3","Caucasian",41,0,0
"377","African-American",20,0,1
"283.1","African-American",20,0,0
"3698","Caucasian",24,0,1
"2827","Caucasian",26,0,1
